0 -0.075388 -0.0553056 -0.843947 -0.0188342
1435 0.903902 0.460123 -0.358091 -0.300691
3483 -1.42527 0.0727928 0.0215598 0.806481
1709 -0.382093 -0.79354 -0.133862 -0.100311
1846 -0.550189 0.742204 -0.11828 -0.160187
4781 0.0562045 0.675228 0.50333 -0.027283
4918 0.269664 0.664004 0.482131 0.0769547
209 0.525676 -0.0209596 -0.761789 -0.149488
5531 0.578633 -0.150757 0.726843 0.177667
4716 -0.61765 0.550402 0.471293 -0.182167
5740 -0.559304 0.206614 0.717554 -0.15563
894 -0.372675 0.36649 -0.717189 0.108399
7 -0.107982 -0.222361 -0.814993 -0.0325174
144 0.26003 -0.282183 -0.778572 -0.0773519
1305 0.573753 -0.653901 -0.359969 0.168745
5401 -0.451776 -0.347715 0.702098 0.119582
3627 1.41518 0.0231119 0.0884198 0.784494
1716 0.255264 -0.77971 -0.282635 -0.0754688
5812 0.05739 0.206031 0.81656 0.0150242
1990 1.14704 -0.389818 -0.120107 -0.433158
3425 0.68985 0.66255 0.207976 -0.216453
1514 0.487815 0.734082 -0.237822 -0.135524
288 -0.630314 0.106342 -0.716225 -0.18156
1449 1.11963 0.346898 -0.24761 0.428645
5408 -0.369447 -0.278716 0.753187 0.102316
5819 0.203018 0.237168 0.797621 0.044644
5069 -0.617758 0.470067 0.551437 -0.181892
3158 1.14476 0.40209 0.0344464 -0.429393
4867 0.549952 0.529691 0.530158 -0.162781
158 0.31843 -0.175879 -0.798665 -0.0780259
432 -0.515928 -0.0799381 -0.762094 -0.153375
3641 1.19091 -0.323863 0.16522 0.457929
5689 0.569191 0.0457136 0.743661 -0.166557
4939 -0.634181 -0.463769 0.551752 0.183413
3165 -0.525117 -0.762212 0.0436214 0.149306
4189 0.522528 -0.763454 -0.0202588 0.148376
5350 -0.794417 -0.127875 0.633833 -0.237798
4600 -0.243673 -0.727425 0.401931 0.0594101
641 -1.08527 0.100224 -0.444457 -0.410064
4874 0.887446 0.278256 0.520244 -0.293618
2963 -0.687425 0.682964 0.13804 0.209946
28 0.105016 -0.145519 -0.832027 -0.0266496
2076 -1.38498 0.078388 -0.11909 -0.754722
5696 0.267915 -0.407647 0.715403 -0.0742306
4946 -0.720274 -0.517802 0.444395 -0.226987
5083 -1.00527 0.250453 0.448176 -0.362034
100 0.0185593 0.182515 -0.826635 -0.0231582
1672 -1.1336 -0.296902 -0.296418 0.453896
3381 0.889107 0.519253 0.277392 -0.29446
5638 -0.45505 0.375731 0.684403 0.129453
2977 0.928725 -0.571481 -0.0258239 0.307972
5162 0.653743 -0.454811 0.548737 -0.194233
3525 -0.299334 -0.820071 0.0398178 -0.0847088
4823 0.293842 -0.734408 0.368758 -0.0840305
3049 1.29729 0.246683 -0.0533625 -0.57795
5306 0.30228 0.372161 0.726627 0.0773125
3395 1.11162 0.367988 0.222202 0.426155
5443 -0.220958 -0.475733 0.683481 0.0543445
3193 -1.06514 -0.422007 0.215245 0.368398
4902 0.931552 -0.0698225 0.561127 -0.302026
3539 0.238846 -0.831024 0.000662039 -0.0650736
3676 -0.558075 0.717269 0.207422 0.155735
4700 0.765328 -0.541482 0.380402 0.243084
128 -0.396621 0.097369 -0.793434 0.106249
402 0.345506 -0.639604 -0.501551 0.103271
1700 -0.1898 -0.787028 -0.288274 0.0476939
5796 0.125811 -0.160592 0.823902 -0.0321864
950 -0.0165908 0.738148 -0.413235 0.00789655
5183 0.439926 0.325868 0.713704 0.127508
611 -0.929788 -0.317529 -0.471588 -0.315049
1159 -0.334187 -0.704252 -0.412358 -0.0987841
4231 0.115142 -0.807877 0.23666 0.0291268
409 0.278288 -0.583898 -0.5852 -0.0731587
3481 -1.42477 0.022428 0.0734102 -0.804154
5803 0.287212 -0.150891 0.804924 -0.0858644
2118 0.795847 0.640434 -0.0696694 0.255686
3142 0.568474 0.743254 0.0451032 0.166157
344 -0.112815 -0.385188 -0.752496 0.0385165
4988 -0.462956 -0.651506 0.429867 -0.136481
3488 -1.37429 0.00658656 0.154546 0.707468
3625 1.2919 -0.0502871 0.254351 0.568008
1988 0.986843 -0.445732 -0.293087 -0.325165
1238 1.14075 -0.113831 -0.396572 -0.42908
351 -0.181396 -0.445735 -0.71117 -0.0416184
3560 -0.434544 -0.743154 0.270297 -0.113762
5334 -0.814944 -0.0189775 0.635327 0.25599
2810 -0.312538 0.809246 -0.0953787 0.0774607
4858 0.738284 0.527965 0.414598 0.223239
2060 -1.34599 -0.0680097 -0.186808 -0.630852
4995 -0.232722 -0.617062 0.554416 0.070923
5543 0.488593 -0.23819 0.734778 0.134681
3632 1.3452 0.0366266 0.188328 -0.683039
4930 -0.0729656 0.632572 0.556195 -0.02528
5067 -0.750315 0.380048 0.547213 0.226804
3156 1.0154 0.505233 0.0292463 -0.358541
1519 -0.818846 -0.576749 -0.264308 -0.256933
5139 0.34222 -0.677767 0.446458 -0.0979317
3639 1.2876 0.137493 0.222488 -0.566372
4663 0.475228 0.607371 0.478125 -0.127108
91 0.0428089 0.0894167 -0.841874 0.00450428
228 0.759326 0.15656 -0.646442 -0.243662
3163 1.18731 0.360159 -0.0549756 0.487155
4187 0.672396 -0.706144 -0.0282038 -0.199786
300 -0.75924 0.0448454 -0.665399 0.23175
3646 1.23791 -0.314008 0.0517655 -0.54158
5831 0.31919 0.152619 0.799448 -0.0956334
2283 -0.746868 -0.669689 -0.0795794 -0.227896
3444 -1.38439 -0.119256 0.0809506 -0.753658
646 -1.06515 0.21461 -0.421217 -0.368989
1944 0.477522 -0.719765 -0.300613 0.137935
2081 -1.34961 0.167123 -0.0941839 -0.634191
170 -0.185784 -0.289165 -0.786817 0.0457756
4266 -1.29032 0.184146 0.182572 0.546783
4814 -0.0127426 -0.750578 0.391237 -0.00538938
2016 0.0454678 -0.844816 -0.0683971 0.0114394
4201 0.507172 -0.742322 0.201116 0.142986
2564 1.18163 0.171045 -0.329125 0.450083
653 -0.985461 0.0399984 -0.530783 0.334996
4886 0.990353 0.206416 0.480941 -0.329657
5773 -0.137105 -0.231786 0.80628 0.0377057
40 0.0334718 -0.234582 -0.814896 0.00904707
5160 0.517618 -0.535961 0.54418 0.144176
3523 -0.135644 -0.820597 0.193755 -0.0447241
1749 -1.27339 0.231839 -0.156024 0.577749
2910 0.0675517 0.773165 -0.334105 -0.0172216
2023 0.23668 -0.824444 -0.113895 -0.0579513
3047 0.318488 0.798986 0.152497 -0.095573
249 0.263044 0.609229 -0.554733 0.0767758
1410 1.22672 -0.155856 -0.29212 -0.527516
3184 -1.1911 -0.362158 0.0389578 -0.472105
660 0.120648 -0.707966 -0.461622 -0.0313694
5780 -0.311805 -0.0959114 0.810154 -0.0768401
2982 1.01203 -0.497088 0.130944 0.344477
2095 0.88589 0.529981 -0.267493 -0.284659
3393 0.992057 0.479735 0.204983 0.331416
595 -0.856689 -0.433796 -0.433413 -0.275529
1143 -1.06811 -0.25296 -0.399335 0.365931
3602 -0.83706 -0.58615 0.221725 0.265766
804 0.84612 -0.35892 -0.505971 0.275427
2102 0.932357 0.559638 -0.0706065 -0.302822
4972 -0.952284 -0.348601 0.428064 0.326244
1424 -0.419054 0.774529 -0.165143 0.119571
4770 1.18416 -0.0528902 0.364157 0.48555
5794 0.0728295 -0.0745991 0.838602 0.0199016
198 0.293504 0.367442 -0.734116 0.0837891
4568 -0.469258 0.622303 0.463383 0.13239
746 -0.878478 0.382888 -0.458095 0.278919
4979 -0.904571 -0.188496 0.552157 -0.300419
3205 1.33439 -0.211944 0.0171845 0.612962
1294 -0.904048 0.551651 -0.188478 0.299731
1431 -0.224857 0.768477 -0.311221 -0.0704151
544 -0.416406 -0.63578 -0.476406 0.119404
2592 1.42594 0.0404564 -0.0632858 0.813393
1842 -0.658585 0.687453 -0.178189 0.195888
4640 -1.08183 -0.28651 0.359325 0.376288
1092 0.672492 -0.148156 -0.692493 -0.204725
3140 0.719117 0.681083 0.0336219 0.217378
342 0.40236 0.610654 -0.509285 -0.112465
4712 -0.902327 0.4527 0.36816 0.286321
1777 -1.11424 0.388657 -0.188423 -0.432009
2801 -0.137916 0.805389 -0.23151 -0.0375743
140 0.340657 -0.342651 -0.738168 0.0885046
2599 1.36852 0.0817851 -0.142491 -0.724654
1712 0.335294 -0.73897 -0.344447 -0.0879866
2736 1.38015 -0.105446 -0.109228 0.735858
4784 0.200442 0.760961 0.335902 0.0666484
2123 0.578466 0.725921 -0.151111 -0.177172
3147 0.513454 0.761865 -0.0440442 -0.146829
4719 -0.715015 0.613308 0.301123 -0.218424
5267 0.785194 0.119792 0.638253 0.235029
284 -0.523739 0.0417541 -0.762064 0.148526
1308 0.733594 -0.60645 -0.306644 -0.221536
1445 0.997781 0.299096 -0.427103 0.339161
2606 1.30808 0.190686 -0.145561 -0.58527
5541 0.407151 -0.413419 0.679529 0.106878
5339 -0.694337 0.0414036 0.69355 -0.208017
356 -0.0957887 -0.528229 -0.661618 0.0283181
1517 -0.651381 -0.639039 -0.321933 0.196839
5750 -0.311164 0.257711 0.771332 -0.0749351
291 -0.583731 0.220858 -0.708762 -0.176853
5411 -0.224014 -0.311361 0.769539 -0.0700266
5685 0.719503 0.0344248 0.681603 0.217358
5822 0.144487 0.025758 0.836671 0.0466458
4935 -0.190179 0.719669 0.419519 -0.0530706
5072 -0.949262 0.0405328 0.551186 0.328614
89 0.119706 0.0224558 -0.842899 -0.0316831
3161 1.19428 0.327596 0.137934 0.485522
4596 -0.16343 -0.767514 0.34411 0.0458964
637 -1.19122 0.0381697 -0.361343 0.472133
24 0.0478437 -0.0702169 -0.843945 -0.0121474
2072 -1.43381 0.0315328 -0.0535269 0.83774
3233 -0.0912129 0.838591 0.0500225 -0.0268645
3644 1.08192 -0.41302 0.197971 0.407775
709 -0.466496 0.591325 -0.505303 0.134315
5079 -0.792622 0.198551 0.613932 0.256361
4192 0.467362 -0.778164 0.0641451 -0.125432
1531 -0.929558 -0.472251 -0.317092 -0.314923
781 0.599213 -0.520879 -0.520516 0.172985
442 -0.609787 -0.14051 -0.720076 0.167447
4538 1.12332 -0.245079 0.346299 -0.43007
1740 -1.26591 0.0936815 -0.272965 0.568122
5562 -0.340775 0.529864 0.610242 0.0954832
240 0.0625015 0.552592 -0.638251 -0.018162
3449 -1.35066 -0.0951232 0.166986 0.636633
5360 -0.610417 -0.294455 0.669184 0.182017
5634 -0.568049 0.303442 0.679729 0.171556
5771 -0.196289 0.214905 0.80312 -0.0616574
2086 -1.34447 0.0358419 -0.195284 0.636673
5569 -0.201943 0.503931 0.660904 -0.0570989
5713 0.0560746 0.503208 0.675527 -0.027166
2778 0.0194701 0.806291 -0.247233 0.00792129
3052 1.41803 0.0849967 0.0207055 0.783472
528 -0.41649 -0.476564 -0.635442 -0.119617
1689 -1.26862 -0.258611 -0.12795 0.5748
802 0.780444 -0.195516 -0.62641 -0.236762
2987 1.15348 -0.401276 -0.0121353 -0.448294
4761 1.01417 0.0307674 0.506694 0.358299
189 -0.011637 0.389916 -0.75018 0.00539124
326 0.874774 0.297286 -0.521949 0.280158
1213 -0.153689 0.633669 -0.549812 -0.0358571
600 -0.651672 -0.321768 -0.638638 0.196834
3535 0.117882 -0.843719 0.0242132 0.0311181
4696 0.624281 -0.628648 0.366391 0.189174
4833 -1.18227 -0.00687807 0.368615 -0.460863
124 -0.354182 0.209478 -0.781706 -0.103177
1285 -0.951097 0.427724 -0.348612 0.325879
4220 0.318759 -0.813479 0.0692485 -0.0895281
5518 0.752041 -0.267541 0.612127 0.233496
672 0.0535436 -0.658458 -0.535457 0.0198496
1696 -0.33136 -0.777926 -0.246245 0.0945465
3542 0.0169685 -0.8271 0.184328 -0.0233117
607 -0.8569 -0.1418 -0.596241 -0.27422
4703 0.879118 -0.520203 0.297243 -0.281502
2042 -0.112401 -0.81549 -0.220855 0.0336392
1429 -0.369481 0.752413 -0.278281 -0.102083
3614 -1.2653 -0.274068 0.0948846 -0.568594
4573 -0.454383 0.683608 0.37681 -0.129527
3686 -0.310631 0.77087 0.258053 -0.0748449
888 -0.243799 0.400669 -0.72691 0.0594503
4984 -0.70253 -0.354848 0.593005 0.211605
138 -0.211344 0.249571 -0.796174 -0.0612224
1299 -0.701483 0.592349 -0.354942 -0.211344
412 -0.865525 0.105156 -0.599124 0.277101
4234 0.376306 -0.759086 0.265612 -0.0994943
4645 -1.02953 -0.139448 0.479029 0.35353
4919 0.302109 0.726265 0.372222 -0.0774517
5121 0.0625612 -0.638717 0.553685 0.0180145
2121 0.710217 0.666661 -0.165255 -0.210469
210 0.469105 0.0630659 -0.777002 0.125819
347 -0.333781 -0.412433 -0.703939 -0.0987607
1234 0.988369 -0.29212 -0.444765 0.327413
3145 0.463351 0.763228 0.151145 -0.130611
1782 -1.07967 0.359806 -0.287137 0.373887
2056 -1.38763 -0.099852 -0.0991675 0.762827
4241 -1.18008 0.370351 -0.00536756 0.457446
5128 0.218157 -0.634093 0.539077 0.0554008
4789 0.0645229 0.737579 0.408065 4.58519e-05
4926 -0.340497 0.609626 0.530585 0.0956377
80 0.274805 0.189704 -0.801812 -0.0805621
5820 0.368937 -0.0476441 0.801547 0.105543
2272 -0.517574 -0.762263 -0.0786008 0.153658
772 0.509041 -0.464406 -0.611617 -0.148982
4868 0.677528 0.493333 0.494433 -0.201304
3231 -0.205821 0.824789 0.0945768 -0.0483602
4529 0.906551 -0.357259 0.460156 0.300784
5690 0.464024 0.151371 0.763617 -0.130861
707 -0.232709 0.553464 -0.616584 -0.0709881
5827 0.279193 0.0430122 0.818593 -0.0713357
3029 0.368493 0.800878 -0.0476907 0.105342
2279 -0.61052 -0.720458 -0.139807 -0.167812
3440 -1.43368 -0.0534163 0.0337619 -0.836956
1940 0.531123 -0.736779 -0.20026 -0.144723
5423 0.0519847 -0.494669 0.686739 -0.0225949
4536 1.01841 -0.34569 0.371069 -0.350028
3649 1.21895 -0.233836 0.23926 -0.516312
1738 -1.2302 0.200944 -0.258612 -0.489881
3173 -0.584096 -0.709006 0.22264 -0.177206
447 -0.746523 -0.0803148 -0.669221 -0.227949
584 -0.589921 -0.596759 -0.437158 0.17081
4680 0.951081 0.387907 0.388833 -0.317117
995 1.03038 0.0366813 -0.498596 -0.365623
4204 0.78514 -0.652606 0.0333489 0.237223
5639 -0.314774 0.358421 0.730809 -0.0869972
656 0.0366362 -0.752184 -0.394241 0.0165997
793 0.575995 -0.359457 -0.652975 -0.170571
1680 -1.26827 -0.128582 -0.258404 -0.574196
5163 0.402963 -0.509907 0.611398 -0.112033
180 -0.0186296 0.487719 -0.689709 0.0058849
317 0.622097 0.365783 -0.628793 -0.188663
4687 1.08419 0.32121 0.321022 0.376477
4824 -1.0537 -0.019317 0.476564 0.381681
4211 0.880623 -0.566841 0.194171 -0.281118
663 0.269359 -0.701527 -0.439724 -0.0792448
2985 1.03658 -0.4952 0.0342928 -0.368337
50 -0.133845 0.191984 -0.820256 0.0441561
324 0.776567 0.469109 -0.457058 -0.231097
3533 0.0410604 -0.842442 0.0914732 0.00431121
5444 -0.376765 -0.449733 0.666498 -0.114503
2033 0.0295156 -0.815547 -0.233952 0.00798917
3057 1.34982 0.182323 0.0336995 -0.691142
259 0.341801 0.445 -0.677699 0.0980075
4218 0.619034 -0.686607 0.245754 0.17482
533 -0.337418 -0.574639 -0.573959 -0.0890687
4766 1.14185 0.036981 0.405093 -0.426345
4903 1.10519 -0.154703 0.410841 -0.396431
2105 0.980508 0.504826 -0.166093 0.345914
1218 -0.376784 0.665443 -0.449596 0.114269
2040 -0.162674 -0.832784 -0.116034 -0.0391196
3201 -0.985472 -0.531453 0.0406943 0.335088
5523 0.710144 -0.16477 0.667765 -0.210231
3612 -1.23068 -0.259023 0.20121 0.490097
4636 -1.11586 -0.18843 0.388281 -0.431995
64 0.320511 0.0681074 -0.812477 0.0897028
2112 0.752108 0.61102 -0.267593 0.233531
338 0.652493 0.548554 -0.45409 0.194005
1773 -1.21315 0.319564 -0.122448 0.484836
2184 -1.19244 -0.355544 -0.0796004 -0.463388
3208 1.43031 -0.0517646 0.045822 -0.827866
5256 0.745815 0.278007 0.607449 -0.220183
2732 1.32389 -0.0868147 -0.208248 -0.611677
1845 -0.609358 0.668714 -0.294112 -0.181307
4917 0.159679 0.636349 0.541077 -0.0402452
5804 -0.062645 0.272293 0.797091 0.0161053
3691 0.0384733 0.835885 0.10408 -0.00960396
2804 -0.176024 0.824044 -0.128805 0.0469421
1167 -0.096891 -0.661672 -0.528103 0.0274158
2191 -1.06814 -0.399927 -0.25235 -0.366113
4239 -1.05354 0.476007 -0.0186471 -0.380901
2739 1.33243 -0.201145 -0.0839438 0.630557
3424 0.785592 0.63754 0.118954 0.234837
13 -0.287919 -0.0735587 -0.819523 0.0814693
2198 -0.989641 -0.524702 -0.0811836 0.326988
3222 1.30855 -0.140857 0.193996 0.589648
1448 1.01205 0.373377 -0.348639 -0.344649
4657 0.661942 0.605754 0.362216 0.197387
698 -0.462556 0.428689 -0.651248 0.1363
5270 0.518827 0.229288 0.726179 -0.142396
85 0.375655 0.264335 -0.758724 0.0993205
5342 -0.690286 0.137439 0.682261 -0.211613
5753 -0.322138 0.0186049 0.811792 0.0984452
2955 -0.813286 0.635567 -0.0193055 0.256568
4253 -1.12635 0.362132 0.209172 0.408787
431 -0.836986 0.220534 -0.585669 -0.265895
1729 0.313722 -0.800201 -0.175821 0.0776599
5075 -0.930992 0.162025 0.541079 -0.293518
229 0.876662 0.194298 -0.568298 0.278839
2277 -0.553003 -0.709962 -0.259123 0.165425
3575 -0.212059 -0.796588 0.2511 0.0618438
5760 -0.205854 0.0943474 0.825435 -0.0485225
164 -0.328897 -0.247548 -0.777649 -0.094961
5421 -0.0153005 -0.561992 0.634248 -0.00777549
438 -0.552621 -0.259208 -0.709652 0.165599
4808 -0.0190141 -0.69013 0.488905 -0.00625096
1397 1.06079 -0.336078 -0.340091 0.405716
784 0.507672 -0.611184 -0.465631 0.149305
1945 0.66941 -0.69429 -0.148453 -0.203549
3243 -0.195969 0.802567 0.215181 0.0614786
4267 -1.31592 0.0746083 0.212811 0.619822
3517 -0.179225 -0.832492 0.0945244 0.0365153
4815 0.108976 -0.767603 0.348193 0.0208923
2904 0.266608 0.714884 -0.406929 0.0740505
993 1.00795 0.13229 -0.498725 -0.341627
5363 -0.550036 -0.119032 0.742934 -0.160204
1404 1.22952 -0.291752 -0.157335 0.520012
4887 1.11042 0.223691 0.368463 0.426124
178 -0.379345 -0.135915 -0.793222 -0.0982572
5572 -0.073076 0.555917 0.63292 -0.0251003
4209 0.761586 -0.646078 0.156692 -0.244865
798 0.737218 -0.307608 -0.603241 0.224394
4894 0.886526 -0.267367 0.530756 0.284474
48 -0.177446 0.0925551 -0.832118 -0.0366317
5305 0.269599 0.482149 0.664243 -0.0765956
322 0.761704 0.380552 -0.542453 0.241217
5716 0.200727 0.335689 0.761412 0.0667118
2781 0.0722081 0.837854 -0.0744146 -0.0200248
120 -0.434717 0.268379 -0.742873 0.114047
1418 -0.451389 0.701349 -0.34734 0.119828
1692 -0.409324 -0.736154 -0.310301 -0.109036
5788 0.020653 -0.247677 0.807094 0.00837172
5175 0.526878 0.390279 0.648879 -0.152498
603 -0.819214 -0.264555 -0.576082 0.256861
2788 0.124957 0.823189 -0.160174 -0.0319163
5723 -0.0532823 0.375643 0.754746 0.00527136
1151 -0.989552 -0.0817975 -0.524078 -0.327188
264 0.126602 -0.461183 -0.707318 -0.03196
1288 -0.8604 0.529699 -0.299428 -0.272648
538 -0.169103 -0.593002 -0.592904 0.0496646
1086 0.53545 -0.199649 -0.735117 0.146014
4569 -0.567277 0.67906 0.304568 0.171286
4843 -1.12585 0.209312 0.362966 -0.40792
884 -0.163003 0.342651 -0.767063 -0.0462269
2045 -0.290805 -0.819936 -0.0710693 -0.0821226
4230 0.274649 -0.802401 0.191015 0.0801804
1230 1.02168 -0.179112 -0.475617 0.360632
3415 0.746678 0.607014 0.276946 0.220226
3689 -0.0626788 0.796523 0.272546 0.0162797
5737 -0.442695 0.178193 0.76275 0.137217
4 -0.15967 -0.118387 -0.832126 0.0388605
2052 -1.43494 -0.0428556 -0.0420802 -0.849034
3213 1.37698 -0.12882 0.0853755 -0.731848
1987 1.02364 -0.472815 -0.18226 0.36382
1511 0.513504 0.684409 -0.339596 0.148517
3696 0.0571561 0.816039 0.205999 0.0151011
5131 0.263517 -0.555039 0.610296 -0.0766013
148 0.109962 -0.31031 -0.785918 0.0263431
4244 -1.21307 0.329467 0.0775157 -0.519733
422 -0.936808 0.269762 -0.494088 0.323558
5268 0.689685 0.208997 0.662872 0.215889
2744 1.43543 -0.0391902 -0.0476536 -0.853567
5405 -0.419042 -0.165933 0.775204 -0.119828
220 0.784867 0.0334274 -0.652044 0.23637
3566 -0.398165 -0.793623 0.0992476 0.10672
3703 0.202482 0.797142 0.237218 0.0444321
2816 -0.0713862 0.83961 -0.0587687 -0.0145068
5001 -0.467057 -0.505394 0.592331 -0.134389
1316 0.84337 -0.510095 -0.356394 -0.275083
429 -0.684119 0.274739 -0.644481 -0.198808
703 -0.390364 0.528068 -0.597868 -0.104251
4936 -0.625431 -0.612751 0.385769 0.185353
5347 -0.564765 -0.00797099 0.746987 0.158517
1525 -0.856816 -0.596903 -0.141272 0.274009
775 0.77507 -0.467242 -0.464605 -0.241349
1936 0.447353 -0.776475 -0.137281 0.13278
2960 -0.69208 0.69404 0.041599 -0.20553
4871 0.738115 0.413893 0.529 0.222446
5693 0.228973 -0.330869 0.759666 0.0638466
984 0.924631 -0.0244426 -0.573771 0.303708
3032 0.14396 0.836026 0.0256112 -0.0462693
3169 -0.630977 -0.716476 0.108016 0.181555
4604 -0.372374 -0.717617 0.367918 -0.108639
2967 -0.564756 0.746264 -0.00725627 -0.159291
5426 0.175207 -0.492339 0.677396 -0.0457638
580 -0.590073 -0.436959 -0.596585 -0.170869
4676 0.875555 0.474203 0.362421 -0.280337
1676 -1.23188 -0.232265 -0.231895 -0.489714
4885 0.944231 0.116961 0.543526 0.320499
4272 -0.947211 0.551657 0.0405866 0.327459
4683 0.874397 0.362228 0.475576 0.279967
998 1.14748 -0.00741463 -0.405774 0.437662
248 0.218019 0.53779 -0.633838 -0.055075
1409 1.18007 -0.265094 -0.266491 -0.455137
3457 -1.34466 -0.195613 0.0374584 0.635916
5779 -0.175301 -0.129119 0.824877 0.046661
4279 -0.790635 0.614275 0.199031 -0.256534
3392 0.945371 0.542485 0.115515 -0.321112
5303 0.159659 0.540984 0.63655 -0.0402912
392 0.135037 -0.596312 -0.597207 0.0395997
5786 -0.0705249 -0.0590169 0.840392 -0.0140337
4899 0.980258 -0.165422 0.506211 0.345973
940 -0.0158746 0.633342 -0.561456 0.00796983
5173 0.661909 0.362708 0.605931 0.197297
190 0.109748 0.346867 -0.767165 -0.0209996
1214 -0.221632 0.682392 -0.47539 0.0545466
4286 -1.00541 0.447219 0.251459 0.362788
3673 -0.441565 0.762435 0.178708 0.136753
738 -0.633225 0.550866 -0.463878 -0.183024
4834 -1.21458 0.0774611 0.327878 0.522931
2036 -0.0777083 -0.844642 -0.0533957 0.0190944
5447 -0.150535 -0.40636 0.735434 -0.0362642
5721 0.0644617 0.407901 0.738005 -9.96283e-05
3608 -1.13688 -0.323532 0.25957 0.455872
4632 -1.21653 -0.122863 0.317136 -0.485629
4906 0.355921 0.609887 0.523475 0.100586
947 0.0512046 0.685851 -0.494194 0.0222203
60 -0.297385 0.0380333 -0.819765 0.0839291
1084 0.452329 -0.137138 -0.774609 -0.134088
334 0.500967 0.449433 -0.624751 0.141306
3067 1.28936 0.221304 0.135574 0.566328
1156 -0.116564 -0.752784 -0.385082 0.0393191
406 0.350281 -0.499004 -0.640381 -0.105033
5526 0.795924 -0.068996 0.641311 -0.256021
1091 0.482178 -0.298858 -0.718768 0.138535
204 0.674938 -0.0285892 -0.704349 0.200578
341 0.516501 0.543648 -0.535442 -0.143518
1502 0.646046 0.620607 -0.355222 0.189368
4574 -0.314248 0.730251 0.359009 -0.087228
1163 -0.182987 -0.71178 -0.44511 -0.0419222
276 0.0579171 -0.534753 -0.658567 0.0231133
3485 -1.37279 0.156137 0.00612733 -0.708058
3622 -1.2763 -0.156435 0.229819 -0.580167
5533 0.646402 -0.355793 0.621237 -0.189129
5807 0.0388557 0.104228 0.836465 -0.00984623
1509 0.40581 0.679362 -0.412305 -0.106534
4718 -0.750513 0.545955 0.381275 0.227134
5742 -0.444105 0.0596443 0.780895 0.114277
896 -0.176026 0.488263 -0.679686 -0.0418059
4992 -0.390675 -0.598182 0.529071 0.104517
2194 -1.09025 -0.432223 -0.139478 0.417832
5540 0.514465 -0.340455 0.684811 -0.149699
1718 0.105317 -0.786485 -0.310529 0.0251486
4790 -0.053272 0.754244 0.375928 0.00535181
5064 -0.90202 0.367128 0.453955 0.286209
81 0.116054 0.235337 -0.807333 -0.0294327
218 0.506927 0.199794 -0.741754 -0.143433
3427 0.518252 0.726067 0.228686 -0.14193
3564 -0.354472 -0.782035 0.2113 -0.103176
1790 -1.02931 0.478527 -0.138948 -0.354104
2064 -1.34664 -0.186769 -0.0668177 0.63262
3225 -0.322508 0.811011 0.0192116 0.0986034
1314 0.775651 -0.629825 -0.195482 0.233885
4660 0.526461 0.648802 0.390019 0.153467
4934 -0.201554 0.660348 0.504522 0.0566338
5071 -0.7152 0.299898 0.614287 -0.218325
160 -0.408314 -0.310269 -0.736096 0.10853
4256 -1.31458 0.21542 0.0733704 -0.616378
4667 0.439599 0.71358 0.325459 -0.127724
1732 -1.1354 0.259818 -0.32375 -0.454561
5691 0.514101 -0.0436946 0.762446 0.147026
95 0.241391 -0.000599064 -0.829859 0.0657639
5763 -0.0907446 0.0499333 0.839312 0.0265882
30 0.239906 -0.114943 -0.823142 0.0593738
3513 -0.0857316 -0.844215 0.0462752 0.0293168
4537 1.00506 -0.423603 0.29678 0.343471
5698 0.0686904 -0.33447 0.774023 0.0174837
2900 0.227349 0.759211 -0.33011 -0.0631694
3037 0.278649 0.818025 0.0428092 0.0711797
4948 -0.879559 -0.457914 0.383563 -0.279644
239 0.617831 0.244778 -0.686433 -0.174169
5359 -0.659082 -0.178556 0.688003 0.196085
4609 -0.176301 -0.680193 0.489225 -0.0419468
5633 -0.469644 0.462206 0.623184 -0.132897
5157 0.502235 -0.624767 0.450459 0.141269
4270 -1.17676 0.264286 0.264047 -0.488832
5294 0.355875 0.523397 0.610114 0.100394
5431 -0.0155892 -0.413577 0.739104 -0.00783996
5705 0.342337 -0.234375 0.773759 -0.0941459
2020 0.102419 -0.833016 -0.144132 -0.026192
3181 -0.759782 -0.665759 0.0460214 -0.232079
2568 1.07537 0.201093 -0.416076 -0.403806
3592 -0.86556 -0.599724 0.106207 -0.276734
44 -0.0836991 0.0440443 -0.843698 -0.0287209
4277 -0.929214 0.541441 0.162482 -0.292501
5438 -0.153297 -0.550274 0.634659 0.035776
5575 -0.190536 0.418963 0.720252 0.0531293
592 -0.684517 -0.496013 -0.495854 0.208458
2914 0.340863 0.773363 -0.233713 0.0934862
1140 -1.19206 -0.0802418 -0.355258 -0.462713
3188 -1.08474 -0.445588 0.100958 -0.409671
2575 1.23131 0.0581459 -0.318952 0.536193
3599 -0.937375 -0.494298 0.270499 -0.323707
736 -0.624985 0.384459 -0.612652 -0.185116
1147 -1.09019 -0.139984 -0.431666 0.417571
260 0.0414767 -0.394112 -0.751694 0.0174805
2582 1.21163 0.24257 -0.239122 -0.508698
3606 -0.684401 -0.644714 0.276163 0.198886
4767 1.19198 0.14045 0.329448 -0.482964
945 0.174606 0.67654 -0.491883 0.0457098
2106 1.10611 0.40849 -0.155662 0.398838
1219 -0.151613 0.734361 -0.406075 -0.0367003
5178 0.475508 0.477821 0.607673 -0.127133
3678 -0.443591 0.780354 0.0604708 -0.113913
743 -0.719523 0.44338 -0.517847 0.226778
4702 0.779407 -0.456451 0.469026 -0.232651
4976 -0.861348 -0.299569 0.530148 -0.272833
267 0.275715 -0.437848 -0.701138 -0.0808872
2589 1.32175 0.0207703 -0.225878 0.597239
1839 -0.794358 0.63304 -0.128069 0.237747
1976 0.922222 -0.560554 -0.134405 0.30917
1226 0.922653 -0.133819 -0.559993 -0.306621
2798 0.286552 0.804214 -0.150648 0.0857671
