0 -0.0792305 -0.0552878 -0.821199 -0.0123735
1435 0.942872 0.447065 -0.35025 -0.202837
3483 -1.58456 0.0594707 0.0185301 0.624081
1709 -0.397522 -0.772385 -0.131086 -0.0647451
1846 -0.574121 0.721296 -0.11296 -0.106041
4781 0.0621323 0.656452 0.489648 -0.0209545
4918 0.290935 0.643738 0.468186 0.0526735
209 0.544572 -0.02188 -0.741183 -0.0979605
5531 0.598435 -0.147732 0.707379 0.118684
4716 -0.652471 0.532504 0.456246 -0.121599
5740 -0.586069 0.202666 0.695975 -0.102593
894 -0.390121 0.356467 -0.696728 0.0717747
7 -0.114442 -0.217394 -0.792845 -0.0227724
144 0.269056 -0.27686 -0.756783 -0.0524179
1305 0.598278 -0.6343 -0.352322 0.112854
5401 -0.468918 -0.337293 0.684321 0.078414
3627 1.55377 0.0312713 0.0858307 0.582494
1716 0.265258 -0.758088 -0.276935 -0.0510969
5812 0.0605912 0.203175 0.793745 0.0101731
1990 1.22903 -0.369502 -0.114125 -0.302398
3425 0.731074 0.638897 0.199089 -0.14782
1514 0.504231 0.71364 -0.231207 -0.0884345
288 -0.659944 0.102294 -0.695451 -0.119566
1449 1.18177 0.335993 -0.243723 0.29547
5408 -0.382621 -0.269656 0.734139 0.0663546
5819 0.21453 0.233715 0.774285 0.0291424
5069 -0.652443 0.455043 0.533671 -0.121457
3158 1.21357 0.389896 0.0243191 -0.289063
4867 0.588857 0.510642 0.510943 -0.112042
158 0.329892 -0.173646 -0.776335 -0.049473
432 -0.539184 -0.0797266 -0.740588 -0.101957
3641 1.27955 -0.304879 0.158527 0.319391
5689 0.594489 0.04403 0.721903 -0.110709
4939 -0.658307 -0.451679 0.537919 0.118551
3165 -0.54761 -0.741549 0.0417132 0.0982393
4189 0.543068 -0.742739 -0.0204835 0.0977817
5350 -0.835645 -0.125098 0.613904 -0.157463
4600 -0.253979 -0.707952 0.39091 0.0375111
641 -1.15526 0.0968345 -0.425862 -0.287908
4874 0.94377 0.265302 0.497771 -0.203702
2963 -0.721864 0.661153 0.136615 0.141569
28 0.10668 -0.143472 -0.809483 -0.0168306
2076 -1.52406 0.0658498 -0.110146 -0.588196
5696 0.277026 -0.396526 0.696226 -0.0487048
4946 -0.748461 -0.503602 0.435151 -0.151873
5083 -1.0638 0.242263 0.432406 -0.250853
100 0.0213207 0.175008 -0.804785 -0.0190466
1672 -1.19698 -0.29201 -0.290173 0.316932
3381 0.945705 0.496952 0.26369 -0.203877
5638 -0.479074 0.365488 0.663572 0.0858175
2977 0.975836 -0.554319 -0.0239607 0.207995
5162 0.678187 -0.443746 0.533641 -0.127769
3525 -0.309986 -0.798479 0.0390904 -0.0552375
4823 0.302749 -0.715724 0.358095 -0.0552502
3049 1.40343 0.233254 -0.0513256 -0.403495
5306 0.324016 0.362818 0.704116 0.0511891
3395 1.18866 0.350242 0.205891 0.300911
5443 -0.232496 -0.462145 0.665219 0.0361013
3193 -1.12791 -0.406913 0.211497 0.246821
4902 0.970691 -0.0738654 0.547594 -0.197181
3539 0.247793 -0.808801 -0.0010265 -0.0433066
3676 -0.585181 0.695158 0.203575 0.102871
4700 0.795897 -0.52764 0.370829 0.162411
128 -0.413079 0.0944863 -0.771683 0.0685609
402 0.360726 -0.62096 -0.489109 0.0676522
1700 -0.197487 -0.766013 -0.28123 0.0303645
5796 0.130788 -0.154129 0.801833 -0.0215762
950 -0.0184768 0.717377 -0.402409 0.00612055
5183 0.46971 0.317061 0.690008 0.0880379
611 -0.970018 -0.314808 -0.459628 -0.21299
1159 -0.350038 -0.684172 -0.402638 -0.0660033
4231 0.122449 -0.786883 0.228906 0.0202541
409 0.287907 -0.568043 -0.569739 -0.0480102
3481 -1.58345 0.0191027 0.0606123 -0.620797
5803 0.296654 -0.144996 0.783345 -0.0566652
2118 0.826025 0.623435 -0.0727542 0.17125
3142 0.593972 0.720902 0.0433861 0.110428
344 -0.119809 -0.375704 -0.731919 0.0274617
4988 -0.482073 -0.633052 0.419468 -0.0908736
3488 -1.51422 0.00515343 0.134429 0.541524
3625 1.39244 -0.0454541 0.244448 0.392234
1988 1.04147 -0.429647 -0.285222 -0.218164
1238 1.2194 -0.106566 -0.37742 -0.298657
351 -0.192038 -0.43459 -0.691263 -0.0262821
3560 -0.453784 -0.722643 0.263533 -0.0736713
5334 -0.860075 -0.0178438 0.614094 0.173842
2810 -0.323437 0.787345 -0.0902906 0.0498897
4858 0.786388 0.506913 0.397509 0.152673
2060 -1.46476 -0.070138 -0.174997 -0.446998
4995 -0.242942 -0.600654 0.539153 0.0479364
5543 0.504874 -0.231633 0.715094 0.0877196
3632 1.45303 0.0424572 0.184076 -0.500898
4930 -0.0753452 0.615314 0.541119 -0.0165291
5067 -0.790701 0.367313 0.529747 0.152196
3156 1.06667 0.491174 0.0201236 -0.246099
1519 -0.8532 -0.561253 -0.262378 -0.168514
5139 0.35225 -0.660663 0.433991 -0.0651689
3639 1.38305 0.130991 0.215092 -0.396428
4663 0.509843 0.586312 0.462003 -0.0856491
91 0.0439498 0.084236 -0.81942 0.00153542
228 0.786615 0.153862 -0.630284 -0.16173
3163 1.2629 0.347488 -0.0598267 0.345922
4187 0.700854 -0.686589 -0.0275032 -0.13243
300 -0.797962 0.0407725 -0.644928 0.15529
3646 1.34236 -0.289617 0.0501601 -0.399726
5831 0.336116 0.151375 0.775865 -0.0649193
2283 -0.782613 -0.650216 -0.0811392 -0.149723
3444 -1.52462 -0.10933 0.0686423 -0.592012
646 -1.12931 0.210224 -0.404795 -0.247718
1944 0.499352 -0.698306 -0.294727 0.0913403
2081 -1.48153 0.147395 -0.0880908 -0.459948
170 -0.194958 -0.282406 -0.765232 0.0294874
4266 -1.40274 0.17099 0.169164 0.382985
4814 -0.011411 -0.731404 0.379896 -0.00531087
2016 0.046331 -0.822451 -0.0679893 0.00755413
4201 0.524002 -0.723496 0.194551 0.0944397
2564 1.25578 0.167929 -0.318138 0.305938
653 -1.04355 0.0369587 -0.511532 0.227182
4886 1.05149 0.194011 0.461391 -0.226919
5773 -0.140194 -0.224487 0.785091 0.0238447
40 0.0325825 -0.229647 -0.792727 0.00585796
5160 0.536193 -0.522273 0.529216 0.0936048
3523 -0.138013 -0.799263 0.187736 -0.0310008
1749 -1.37751 0.216299 -0.149599 0.425249
2910 0.0694644 0.751565 -0.325072 -0.0109029
2023 0.245051 -0.802242 -0.112378 -0.0371562
3047 0.335614 0.77495 0.151079 -0.0649088
249 0.272492 0.591902 -0.5398 0.0519921
1410 1.32621 -0.142422 -0.27203 -0.387514
3184 -1.28067 -0.342639 0.0360195 -0.332048
660 0.123409 -0.688507 -0.450439 -0.0189325
5780 -0.322989 -0.0907559 0.788713 -0.0495463
2982 1.06869 -0.47972 0.129658 0.231877
2095 0.922464 0.515526 -0.26281 -0.188006
3393 1.05339 0.460363 0.191517 0.229052
595 -0.890761 -0.425318 -0.423944 -0.180865
1143 -1.12306 -0.251917 -0.38904 0.241177
3602 -0.876521 -0.568544 0.21912 0.175813
804 0.884587 -0.350476 -0.490832 0.18637
2102 0.972269 0.545141 -0.0748531 -0.198485
4972 -0.998462 -0.339232 0.418041 0.221967
1424 -0.433474 0.753992 -0.15827 0.0788423
4770 1.25642 -0.0558984 0.354248 0.343167
5794 0.0767666 -0.0700241 0.815959 0.0131745
198 0.302047 0.356207 -0.715006 0.0548776
4568 -0.495095 0.603164 0.449843 0.0873465
746 -0.918148 0.375266 -0.444645 0.18338
4979 -0.951262 -0.183865 0.535497 -0.202517
3205 1.47168 -0.181843 0.0167602 0.461586
1294 -0.950646 0.53466 -0.182916 0.202145
1431 -0.233072 0.747854 -0.301496 -0.0477009
544 -0.43556 -0.617629 -0.464534 0.0794497
2592 1.57982 0.0394484 -0.0542277 0.613356
1842 -0.68725 0.668019 -0.173388 0.129625
4640 -1.14355 -0.278684 0.34938 0.249545
1092 0.701576 -0.144993 -0.67245 -0.136036
3140 0.750345 0.661243 0.0285952 0.142134
342 0.416657 0.593335 -0.495434 -0.0738696
4712 -0.952737 0.4376 0.355277 0.191638
1777 -1.18674 0.37246 -0.18157 -0.305466
2801 -0.140941 0.783538 -0.224305 -0.0237484
140 0.353804 -0.336075 -0.716745 0.0565561
2599 1.49723 0.0794674 -0.128244 -0.561132
1712 0.34998 -0.717504 -0.337443 -0.0565531
2736 1.52584 -0.0813116 -0.0973003 0.58073
4784 0.213929 0.738311 0.328403 0.0470356
2123 0.598461 0.705749 -0.147972 -0.118391
3147 0.532583 0.740339 -0.04246 -0.0954651
4719 -0.75215 0.593886 0.291895 -0.145705
5267 0.825605 0.111739 0.617821 0.158305
284 -0.547048 0.0392632 -0.74066 0.0980605
1308 0.765829 -0.588053 -0.300618 -0.146396
1445 1.04194 0.291711 -0.418665 0.224839
2606 1.41822 0.178786 -0.135217 -0.428916
5541 0.421508 -0.401984 0.66125 0.069208
5339 -0.728991 0.0420665 0.672279 -0.137496
356 -0.104891 -0.514486 -0.643223 0.0195299
1517 -0.677542 -0.621281 -0.316653 0.131444
5750 -0.32628 0.252493 0.749106 -0.0479936
291 -0.610743 0.215004 -0.68811 -0.118146
5411 -0.232235 -0.301695 0.749565 -0.0475039
5685 0.750506 0.0295321 0.662372 0.141923
5822 0.15094 0.0280508 0.813605 0.0319024
4935 -0.200877 0.699125 0.40883 -0.0348424
5072 -1.00523 0.0407111 0.530885 0.227685
89 0.122925 0.0195179 -0.820253 -0.0210603
3161 1.27838 0.313571 0.122663 0.349989
4596 -0.167547 -0.747588 0.334094 0.0295854
637 -1.28149 0.0343981 -0.34092 0.332406
24 0.0476561 -0.0703594 -0.821193 -0.00785921
2072 -1.59516 0.0203137 -0.0502548 0.642793
3233 -0.0938911 0.815344 0.050446 -0.0181789
3644 1.14521 -0.398151 0.193926 0.283401
709 -0.484935 0.574975 -0.491464 0.0888165
5079 -0.833124 0.193112 0.594774 0.175011
4192 0.484409 -0.757721 0.0608555 -0.0817353
1531 -0.969446 -0.461328 -0.313373 -0.212804
781 0.623378 -0.506423 -0.506778 0.114272
442 -0.63757 -0.140186 -0.699127 0.109839
4538 1.18795 -0.238615 0.33629 -0.29853
1740 -1.37013 0.0881102 -0.254517 0.420035
5562 -0.359031 0.514957 0.592683 0.0632393
240 0.0634633 0.536306 -0.621768 -0.0125931
3449 -1.48251 -0.08919 0.14741 0.460899
5360 -0.633301 -0.28706 0.652023 0.119129
5634 -0.597699 0.295141 0.658463 0.115376
5771 -0.204633 0.211224 0.780747 -0.0407392
2086 -1.46792 0.0307269 -0.1801 0.465331
5569 -0.212325 0.490415 0.642538 -0.0373225
5713 0.0620796 0.489679 0.656772 -0.0207644
2778 0.0204229 0.784127 -0.239648 0.00488919
3052 1.55951 0.0818961 0.0270042 0.583866
528 -0.435717 -0.465195 -0.616802 -0.0795393
1689 -1.36432 -0.247446 -0.126744 0.41967
802 0.816352 -0.191713 -0.607419 -0.158828
2987 1.23635 -0.38034 -0.00871596 -0.31431
4761 1.06465 0.0223755 0.493368 0.245991
189 -0.0108171 0.378002 -0.730571 0.00520188
326 0.909754 0.289751 -0.509698 0.186822
1213 -0.16208 0.61522 -0.535416 -0.0222887
600 -0.678287 -0.317477 -0.619994 0.131477
3535 0.122057 -0.821446 0.0218768 0.0207268
4696 0.646045 -0.612613 0.357257 0.125232
4833 -1.27536 -0.00488305 0.345587 -0.322712
124 -0.369752 0.203559 -0.760185 -0.0691317
1285 -0.997636 0.417118 -0.338507 0.222016
4220 0.330754 -0.792041 0.0653746 -0.0586399
5518 0.779895 -0.263023 0.595802 0.155894
672 0.0518457 -0.64061 -0.521668 0.0147324
1696 -0.345247 -0.75696 -0.240587 0.0631613
3542 0.0204075 -0.805677 0.177528 -0.0194788
607 -0.898835 -0.144469 -0.57785 -0.184866
4703 0.918404 -0.506364 0.289756 -0.188496
2042 -0.117178 -0.793844 -0.215679 0.0229043
1429 -0.38286 0.73269 -0.269093 -0.0663286
3614 -1.36904 -0.256471 0.0897054 -0.419785
4573 -0.47876 0.662514 0.366495 -0.0861233
3686 -0.325816 0.748286 0.252871 -0.0480301
888 -0.25482 0.388958 -0.707032 0.0376791
4984 -0.730391 -0.34656 0.577709 0.140775
138 -0.218203 0.242083 -0.774754 -0.0388851
1299 -0.729796 0.576397 -0.346041 -0.140945
412 -0.911774 0.101419 -0.579505 0.188393
4234 0.388774 -0.739795 0.256992 -0.064966
4645 -1.0945 -0.134209 0.460055 0.24
4919 0.324026 0.703614 0.362508 -0.0513653
5121 0.0640396 -0.622554 0.538075 0.0125381
2121 0.735531 0.648504 -0.163475 -0.13665
210 0.484622 0.0588872 -0.756565 0.0813043
347 -0.349874 -0.403217 -0.683382 -0.0660697
1234 1.04231 -0.284333 -0.428855 0.219954
3145 0.488875 0.739186 0.148092 -0.087778
1782 -1.14137 0.349485 -0.27848 0.247763
2056 -1.51763 -0.0966602 -0.0968706 0.586807
4241 -1.2722 0.347187 -0.00334353 0.320485
5128 0.225123 -0.617984 0.523955 0.0353236
4789 0.0691176 0.716696 0.397986 -0.00211689
4926 -0.358928 0.591914 0.515713 0.0633735
80 0.284545 0.181905 -0.780625 -0.0540875
5820 0.383432 -0.0439088 0.779398 0.0710927
2272 -0.539922 -0.741565 -0.07777 0.101855
772 0.530409 -0.452829 -0.593857 -0.0982819
4868 0.722586 0.474343 0.475042 -0.136612
3231 -0.213084 0.801829 0.0940724 -0.0302803
4529 0.946975 -0.348899 0.447577 0.203144
5690 0.489384 0.148554 0.740007 -0.0879637
707 -0.24367 0.537333 -0.599948 -0.0480449
5827 0.29174 0.0450334 0.795532 -0.0465029
3029 0.383231 0.778068 -0.0440363 0.0710615
2279 -0.637399 -0.700401 -0.138714 -0.109928
3440 -1.59649 -0.0487421 0.0228875 -0.644867
1940 0.554346 -0.715534 -0.196441 -0.0941407
5423 0.0527128 -0.482063 0.667879 -0.0158096
4536 1.06935 -0.336933 0.361334 -0.235246
3649 1.30863 -0.220662 0.228426 -0.368486
1738 -1.32225 0.192138 -0.246072 -0.336146
3173 -0.610354 -0.689011 0.217494 -0.118043
447 -0.783453 -0.0827177 -0.648676 -0.15
584 -0.613313 -0.580476 -0.427106 0.110675
4680 1.01374 0.369764 0.369888 -0.220009
995 1.08426 0.0384917 -0.4836 -0.251197
4204 0.819657 -0.634499 0.0338023 0.157595
5639 -0.331589 0.34963 0.709388 -0.0574861
656 0.0365959 -0.731775 -0.384611 0.0126113
793 0.599946 -0.351601 -0.633515 -0.113499
1680 -1.36368 -0.128869 -0.246217 -0.419806
5163 0.417604 -0.496462 0.594639 -0.0735547
180 -0.0206933 0.473169 -0.671814 0.00376945
317 0.642217 0.356309 -0.612769 -0.124515
4687 1.16232 0.303415 0.301965 0.252916
4824 -1.12404 -0.0168872 0.455252 0.265772
4211 0.920478 -0.551141 0.19084 -0.187186
663 0.280157 -0.681372 -0.429679 -0.0538408
2985 1.09702 -0.47717 0.0353825 -0.256207
50 -0.137002 0.185124 -0.798467 0.0307953
324 0.80653 0.455897 -0.446209 -0.150438
3533 0.0430887 -0.820392 0.0870556 0.00132577
5444 -0.392516 -0.437053 0.648869 -0.0755938
2033 0.029899 -0.793784 -0.228585 0.00514132
3057 1.46213 0.176384 0.0368786 -0.512954
259 0.351396 0.43201 -0.660145 0.0652875
4218 0.6407 -0.668967 0.239671 0.113991
533 -0.354631 -0.558979 -0.558122 -0.0571768
4766 1.20841 0.0284374 0.394397 -0.28502
4903 1.16587 -0.152565 0.399607 -0.265702
2105 1.02446 0.491642 -0.165498 0.236207
1218 -0.392979 0.647088 -0.436641 0.0755538
2040 -0.1688 -0.8108 -0.113513 -0.0244977
3201 -1.04193 -0.513576 0.0385915 0.226916
5523 0.735366 -0.16317 0.650272 -0.136364
3612 -1.32199 -0.247814 0.192467 0.33616
4636 -1.18875 -0.182253 0.372248 -0.305278
64 0.331373 0.0634976 -0.790789 0.0584613
2112 0.779776 0.594094 -0.262887 0.155906
338 0.676257 0.533 -0.442744 0.127524
1773 -1.3083 0.298952 -0.118026 0.340217
2184 -1.27834 -0.338873 -0.0798874 -0.320664
3208 1.59341 -0.0330834 0.0429029 -0.648721
5256 0.792251 0.266455 0.584305 -0.148349
2732 1.44581 -0.0718067 -0.189839 -0.456002
1845 -0.632697 0.650867 -0.286284 -0.11879
4917 0.173853 0.618191 0.525743 -0.0270332
5804 -0.0658809 0.267078 0.774713 0.0103912
3691 0.041154 0.812351 0.103685 -0.00686866
2804 -0.180692 0.801728 -0.123923 0.0305381
1167 -0.105747 -0.643384 -0.514389 0.0189578
2191 -1.12262 -0.390911 -0.250189 -0.241055
4239 -1.12365 0.454433 -0.0153246 -0.265114
2739 1.46775 -0.17304 -0.0736671 0.471778
3424 0.82613 0.616745 0.110466 0.15807
13 -0.299871 -0.0723463 -0.797357 0.0535084
2198 -1.04386 -0.508077 -0.0838935 0.220118
3222 1.42258 -0.124168 0.181944 0.442704
1448 1.05845 0.363907 -0.341993 -0.230256
4657 0.705796 0.582628 0.348206 0.134374
698 -0.482449 0.417463 -0.632329 0.0909646
5270 0.550447 0.222801 0.70219 -0.0944652
85 0.38764 0.254997 -0.739083 0.0648058
5342 -0.724092 0.135733 0.661279 -0.142467
5753 -0.33487 0.0213535 0.789772 0.0658592
2955 -0.858412 0.613795 -0.0172897 0.174021
4253 -1.20358 0.344756 0.201689 0.276308
431 -0.877698 0.217112 -0.567044 -0.176264
1729 0.32652 -0.778057 -0.172929 0.0493272
5075 -0.983181 0.158 0.522564 -0.194558
229 0.911131 0.191057 -0.554726 0.18388
2277 -0.57677 -0.689875 -0.25489 0.108899
3575 -0.218245 -0.77567 0.244259 0.0392962
5760 -0.213213 0.093886 0.802882 -0.0303256
164 -0.343833 -0.242243 -0.756016 -0.0636956
5421 -0.0170437 -0.54754 0.616735 -0.00547023
438 -0.57703 -0.255816 -0.688725 0.109111
4808 -0.0204074 -0.672547 0.475077 -0.00400228
1397 1.12555 -0.323088 -0.327258 0.283518
784 0.529475 -0.593086 -0.454469 0.0981646
1945 0.699568 -0.674157 -0.144893 -0.136059
3243 -0.204329 0.779847 0.211435 0.0405909
4267 -1.43624 0.0682789 0.193787 0.464938
3517 -0.185291 -0.810653 0.0915504 0.0212937
4815 0.114739 -0.747879 0.337775 0.0134882
2904 0.275625 0.694942 -0.395662 0.0486405
993 1.05698 0.131431 -0.485162 -0.226933
5363 -0.574135 -0.113805 0.722489 -0.106021
1404 1.33111 -0.269976 -0.145676 0.382433
4887 1.18727 0.208944 0.349763 0.30272
178 -0.395957 -0.133431 -0.771379 -0.0636838
5572 -0.07534 0.540853 0.615698 -0.0163005
4209 0.792626 -0.62877 0.154327 -0.164008
798 0.76983 -0.301082 -0.584955 0.148271
4894 0.923602 -0.262486 0.516907 0.187696
48 -0.184599 0.0886958 -0.809803 -0.0215709
5305 0.290755 0.468461 0.643972 -0.0523459
322 0.789928 0.370778 -0.528985 0.160435
5716 0.214131 0.328514 0.738956 0.0470381
2781 0.0763118 0.814614 -0.069999 -0.0133916
120 -0.45452 0.261047 -0.72182 0.0740517
1418 -0.468953 0.682842 -0.336679 0.0786911
1692 -0.427018 -0.715614 -0.303447 -0.0715584
5788 0.0214843 -0.239952 0.785642 0.00507526
5175 0.562795 0.377385 0.62607 -0.10365
603 -0.854209 -0.263599 -0.559569 0.168629
2788 0.130054 0.800445 -0.153848 -0.0214383
5723 -0.0569172 0.367062 0.733593 0.00184559
1151 -1.04512 -0.085439 -0.50613 -0.220359
264 0.127847 -0.449729 -0.688148 -0.0187137
1288 -0.899699 0.515365 -0.291637 -0.179749
538 -0.18164 -0.576897 -0.576662 0.0330327
1086 0.557665 -0.196286 -0.713746 0.094557
4569 -0.597215 0.657388 0.296352 0.115191
4843 -1.20347 0.201241 0.345562 -0.276429
884 -0.16767 0.332061 -0.746693 -0.0300509
2045 -0.301385 -0.798394 -0.0695628 -0.0535076
4230 0.284923 -0.781605 0.183916 0.053989
1230 1.07956 -0.174252 -0.458487 0.248385
3415 0.793461 0.583711 0.264888 0.148541
3689 -0.0658901 0.773843 0.267238 0.0105161
5737 -0.462134 0.175877 0.740802 0.0922306
4 -0.167231 -0.116148 -0.809607 0.0245334
2052 -1.59189 -0.0413315 -0.0420825 -0.637444
3213 1.52282 -0.100611 0.0786442 -0.568572
1987 1.08345 -0.454948 -0.177913 0.252646
1511 0.531435 0.665038 -0.330685 0.0971768
3696 0.0603998 0.792831 0.203115 0.0103502
5131 0.273245 -0.540504 0.593576 -0.0519101
148 0.11213 -0.303363 -0.764403 0.0154042
4244 -1.30979 0.30776 0.0741677 -0.383538
422 -0.983527 0.266042 -0.478006 0.220645
5268 0.73065 0.200483 0.639534 0.147259
2744 1.60037 -0.0225872 -0.0426144 -0.673329
5405 -0.43342 -0.159037 0.755258 -0.0790508
220 0.816161 0.0333452 -0.635018 0.155933
3566 -0.413811 -0.772455 0.0970506 0.0684827
3703 0.214091 0.773452 0.233592 0.0290138
2816 -0.0730702 0.816486 -0.0554165 -0.00857467
5001 -0.484816 -0.491939 0.57678 -0.0886303
1316 0.881321 -0.495006 -0.3483 -0.185739
429 -0.714685 0.269177 -0.625127 -0.132613
703 -0.40701 0.513339 -0.58109 -0.0663281
4936 -0.65045 -0.595156 0.378306 0.120926
5347 -0.590977 -0.0048021 0.725506 0.105577
1525 -0.897642 -0.579662 -0.14304 0.18445
775 0.807673 -0.45459 -0.452313 -0.159439
1936 0.466236 -0.754701 -0.135151 0.0886882
2960 -0.727057 0.672068 0.0426008 -0.136298
4871 0.785825 0.397431 0.507697 0.151965
5693 0.235776 -0.321726 0.739284 0.0413746
984 0.967954 -0.0223993 -0.557898 0.203118
3032 0.15059 0.812417 0.0278802 -0.0318844
3169 -0.659717 -0.696498 0.104656 0.119313
4604 -0.389112 -0.69764 0.358575 -0.0716682
2967 -0.590812 0.724394 -0.00410548 -0.105965
5426 0.181918 -0.479597 0.65884 -0.0291528
580 -0.61362 -0.427807 -0.579511 -0.110676
4676 0.932397 0.45318 0.345987 -0.189982
1676 -1.31293 -0.228923 -0.226888 -0.328514
4885 0.994922 0.10642 0.526212 0.214881
4272 -1.00345 0.530655 0.041769 0.227106
4683 0.930972 0.346584 0.454066 0.189861
998 1.22451 -0.00244884 -0.387564 0.301334
248 0.224668 0.52215 -0.617262 -0.0350949
1409 1.2696 -0.248863 -0.2515 -0.317067
3457 -1.47032 -0.179173 0.0325966 0.466311
5779 -0.180148 -0.124168 0.80312 0.0304324
4279 -0.831613 0.594405 0.193942 -0.175101
3392 0.996207 0.52497 0.104093 -0.215335
5303 0.173795 0.525878 0.618288 -0.0271452
392 0.135774 -0.580558 -0.581537 0.0238793
5786 -0.0724911 -0.0555273 0.817797 -0.00842365
4899 1.0239 -0.16447 0.493981 0.23613
940 -0.0180617 0.614972 -0.546913 0.0055289
5173 0.705133 0.349097 0.583023 0.134363
190 0.115258 0.335935 -0.746955 -0.0136399
1214 -0.233464 0.663338 -0.461735 0.0362083
4286 -1.06405 0.430909 0.243775 0.251382
3673 -0.461298 0.740013 0.176384 0.0920249
738 -0.658009 0.536259 -0.45126 -0.118433
4834 -1.31254 0.0741524 0.305814 0.386475
2036 -0.0804593 -0.822359 -0.0527831 0.0122765
5447 -0.158511 -0.394424 0.716098 -0.023112
5721 0.069156 0.397958 0.717296 -0.00217145
3608 -1.20854 -0.312379 0.251934 0.321336
4632 -1.31292 -0.11851 0.296461 -0.341547
4906 0.383535 0.590301 0.507198 0.0690917
947 0.0517277 0.666212 -0.481465 0.015675
60 -0.309128 0.0365811 -0.797589 0.055132
1084 0.469747 -0.135622 -0.752768 -0.0892613
334 0.517063 0.436684 -0.60858 0.0930123
3067 1.38641 0.214293 0.126721 0.396106
1156 -0.122435 -0.732503 -0.375403 0.0276765
406 0.363687 -0.486575 -0.622177 -0.0681536
5526 0.825861 -0.0720278 0.624989 -0.171668
1091 0.502558 -0.293525 -0.697275 0.091812
204 0.701793 -0.0285614 -0.68508 0.13248
341 0.5345 0.528256 -0.521332 -0.0929434
1502 0.669911 0.602737 -0.346861 0.12422
4574 -0.331244 0.708557 0.350206 -0.0575507
1163 -0.193215 -0.692008 -0.433952 -0.0263821
276 0.0549305 -0.52092 -0.640819 0.016327
3485 -1.51246 0.135614 0.00457357 -0.542511
3622 -1.38117 -0.150376 0.214126 -0.428137
5533 0.670649 -0.347689 0.603927 -0.123955
5807 0.0413782 0.103852 0.813398 -0.00692389
1509 0.419938 0.66038 -0.40067 -0.0687252
4718 -0.791072 0.528353 0.368441 0.152576
5742 -0.462144 0.0620753 0.759333 0.0727854
896 -0.183808 0.473949 -0.66149 -0.0264904
4992 -0.406593 -0.581758 0.515175 0.0662743
2194 -1.15259 -0.419251 -0.140048 0.289283
5540 0.532559 -0.331738 0.666112 -0.0980697
1718 0.108621 -0.765224 -0.303344 0.0151548
4790 -0.0570103 0.732849 0.367299 0.00181126
5064 -0.952394 0.354021 0.439158 0.191171
81 0.122986 0.226997 -0.785885 -0.0205456
218 0.522604 0.192359 -0.722855 -0.0945594
3427 0.550191 0.70168 0.221923 -0.0940588
3564 -0.369348 -0.761036 0.206033 -0.0690363
1790 -1.09396 0.459389 -0.132875 -0.240141
2064 -1.46794 -0.173914 -0.0679463 0.449232
3225 -0.335009 0.788588 0.0218423 0.0659514
1314 0.812125 -0.610682 -0.191475 0.157557
4660 0.56298 0.625727 0.3768 0.104582
4934 -0.212227 0.641833 0.490989 0.037108
5071 -0.752053 0.290667 0.595205 -0.145504
160 -0.42652 -0.304169 -0.714823 0.0712963
4256 -1.43359 0.19682 0.0668908 -0.460379
4667 0.469763 0.689593 0.316316 -0.0882864
1732 -1.20767 0.251815 -0.311408 -0.320727
5691 0.532913 -0.0420914 0.741627 0.0954099
95 0.249103 -0.00290987 -0.807378 0.043614
5763 -0.0936745 0.050417 0.8165 0.0181563
30 0.247063 -0.113973 -0.800711 0.0379041
3513 -0.0883484 -0.822127 0.0436266 0.0201691
4537 1.05569 -0.412252 0.28887 0.230016
5698 0.0705522 -0.325465 0.75315 0.0109577
2900 0.234217 0.738044 -0.320931 -0.0409812
3037 0.29136 0.794394 0.0447971 0.0464222
4948 -0.918581 -0.445258 0.376631 -0.183732
239 0.637527 0.238088 -0.66904 -0.113095
5359 -0.687719 -0.174191 0.669072 0.12973
4609 -0.183288 -0.66226 0.475782 -0.0263665
5633 -0.49517 0.448745 0.604238 -0.0875569
5157 0.51896 -0.608994 0.438188 0.0930037
4270 -1.2646 0.250374 0.249956 -0.353087
5294 0.383413 0.507337 0.590439 0.0690328
5431 -0.017403 -0.40273 0.719131 -0.00620151
5705 0.352574 -0.227081 0.753289 -0.0614379
2020 0.105067 -0.810832 -0.141625 -0.0168931
3181 -0.797243 -0.646328 0.0427476 -0.155249
2568 1.12977 0.197981 -0.405759 -0.277376
3592 -0.910342 -0.581273 0.103332 -0.187769
44 -0.0873413 0.0406281 -0.821163 -0.019984
4277 -0.981845 0.52218 0.158986 -0.194003
5438 -0.161144 -0.535928 0.617109 0.0221677
5575 -0.200978 0.408346 0.699909 0.0347546
592 -0.710286 -0.484439 -0.483403 0.138712
2914 0.351325 0.752084 -0.226461 0.0610808
1140 -1.27821 -0.0817166 -0.337722 -0.319542
3188 -1.15298 -0.428516 0.0983439 -0.28677
2575 1.32325 0.0604385 -0.301505 0.389511
3599 -0.983031 -0.479244 0.267532 -0.220498
736 -0.65079 0.376216 -0.594437 -0.121017
1147 -1.15354 -0.141678 -0.417261 0.28983
260 0.0402545 -0.384408 -0.731209 0.0132203
2582 1.29127 0.233745 -0.232774 -0.360439
3606 -0.71406 -0.626112 0.271373 0.132338
4767 1.27445 0.127416 0.315613 -0.346832
945 0.181077 0.657298 -0.478858 0.0292009
2106 1.16819 0.395267 -0.154667 0.269653
1219 -0.15965 0.714256 -0.394176 -0.0233511
5178 0.509758 0.462019 0.586645 -0.0852608
3678 -0.461736 0.758333 0.0627173 -0.072606
743 -0.748424 0.433375 -0.502994 0.151991
4702 0.810806 -0.445494 0.456186 -0.151786
4976 -0.900426 -0.292457 0.516352 -0.179828
267 0.28447 -0.427898 -0.681305 -0.0545127
2589 1.43774 0.0269365 -0.209169 0.421269
1839 -0.835297 0.612845 -0.124424 0.157505
1976 0.96959 -0.542935 -0.131848 0.208803
1226 0.968362 -0.131026 -0.542929 -0.206472
2798 0.296204 0.781921 -0.144803 0.0568138
