0 -0.0797796 -0.0554058 -0.814579 -0.0103588
1435 0.952244 0.444637 -0.347878 -0.174441
3483 -1.63746 0.0546108 0.017982 0.565602
1709 -0.399729 -0.766935 -0.130178 -0.0549421
1846 -0.580235 0.715287 -0.11164 -0.0906144
4781 0.0630963 0.650998 0.485085 -0.0186181
4918 0.295166 0.637754 0.464133 0.045434
209 0.5489 -0.0215149 -0.735643 -0.0835325
5531 0.601782 -0.145579 0.702748 0.101951
4716 -0.659728 0.528013 0.452641 -0.10388
5740 -0.592115 0.201928 0.69012 -0.0878054
894 -0.39369 0.3546 -0.690506 0.0614312
7 -0.115457 -0.216257 -0.786444 -0.0199206
144 0.270799 -0.275481 -0.750653 -0.0452279
1305 0.604694 -0.628953 -0.350592 0.0970081
5401 -0.47314 -0.334875 0.679112 0.0668659
3627 1.59566 0.035746 0.0858237 0.517699
1716 0.267774 -0.752063 -0.275268 -0.0443309
5812 0.0604562 0.200778 0.787331 0.00842751
1990 1.2609 -0.3598 -0.111539 -0.265885
3425 0.740431 0.632927 0.196863 -0.127977
1514 0.506746 0.708377 -0.228226 -0.0754772
288 -0.667185 0.101799 -0.689925 -0.102059
1449 1.19826 0.334737 -0.24256 0.255611
5408 -0.385576 -0.267918 0.728495 0.0562987
5819 0.215973 0.231956 0.767751 0.024377
5069 -0.659611 0.45139 0.529315 -0.103763
3158 1.2326 0.38765 0.0212976 -0.2475
4867 0.59817 0.505566 0.505649 -0.0974683
158 0.332001 -0.172822 -0.770174 -0.0418543
432 -0.543663 -0.0796741 -0.735111 -0.0867693
3641 1.31322 -0.294734 0.156972 0.281133
5689 0.598904 0.0447467 0.716404 -0.0948458
4939 -0.665111 -0.44834 0.534059 0.100801
3165 -0.551881 -0.736385 0.0418115 0.0836329
4189 0.549153 -0.736907 -0.019961 0.0835499
5350 -0.848049 -0.124212 0.608313 -0.134917
4600 -0.254898 -0.702173 0.388791 0.0311515
641 -1.18022 0.0951106 -0.418515 -0.253165
4874 0.959384 0.262371 0.491699 -0.176984
2963 -0.730737 0.655122 0.137028 0.121614
28 0.106972 -0.142795 -0.802999 -0.0143944
2076 -1.57092 0.0593445 -0.107392 -0.529652
5696 0.278917 -0.3925 0.691321 -0.0415883
4946 -0.75678 -0.499385 0.432902 -0.130393
5083 -1.0803 0.240542 0.428614 -0.218027
100 0.0228982 0.17353 -0.798196 -0.0171583
1672 -1.21572 -0.291271 -0.288538 0.275826
3381 0.960736 0.491526 0.259969 -0.176957
5638 -0.483432 0.362597 0.658083 0.0732542
2977 0.992154 -0.548658 -0.0229565 0.179382
5162 0.684274 -0.439692 0.530652 -0.10932
3525 -0.310737 -0.79276 0.0393765 -0.0470959
4823 0.306231 -0.709812 0.355925 -0.0471664
3049 1.43226 0.233312 -0.0509041 -0.345918
5306 0.328176 0.360273 0.697658 0.043673
3395 1.21117 0.346268 0.201062 0.262288
5443 -0.235105 -0.458653 0.659803 0.0307891
3193 -1.15115 -0.400285 0.209855 0.213575
4902 0.980796 -0.0740151 0.544615 -0.167563
3539 0.250081 -0.802521 -0.000769054 -0.0374939
3676 -0.591475 0.688957 0.202921 0.0880938
4700 0.805529 -0.522926 0.368991 0.139906
128 -0.415561 0.0945708 -0.765742 0.0582182
402 0.363888 -0.615897 -0.485815 0.0581125
1700 -0.197911 -0.760191 -0.279516 0.0256923
5796 0.1311 -0.152926 0.795294 -0.0183594
950 -0.0188057 0.710949 -0.399447 0.00572921
5183 0.476176 0.314878 0.683372 0.0762075
611 -0.979521 -0.315161 -0.457298 -0.183025
1159 -0.351487 -0.678878 -0.400467 -0.0563448
4231 0.125957 -0.780514 0.227808 0.0181594
409 0.289906 -0.563658 -0.565428 -0.0407413
3481 -1.6364 0.0188659 0.0554066 -0.56334
5803 0.297553 -0.143057 0.77735 -0.0483393
2118 0.831701 0.619726 -0.0730358 0.147199
3142 0.598102 0.715152 0.043692 0.0946385
344 -0.120251 -0.37346 -0.725963 0.0240404
4988 -0.48626 -0.627823 0.417242 -0.0779972
3488 -1.56216 0.00606892 0.126402 0.489262
3625 1.42382 -0.0434887 0.241842 0.340243
1988 1.06061 -0.423882 -0.282784 -0.188913
1238 1.24421 -0.102783 -0.372327 -0.261565
351 -0.192671 -0.43186 -0.685647 -0.0217468
3560 -0.457497 -0.71696 0.262774 -0.0620721
5334 -0.873296 -0.017033 0.608311 0.150152
2810 -0.326031 0.780642 -0.089771 0.0424764
4858 0.798813 0.501538 0.392854 0.131912
2060 -1.50039 -0.0717592 -0.172879 -0.389643
4995 -0.24445 -0.595911 0.535174 0.0410864
5543 0.507586 -0.228497 0.710321 0.0748142
3632 1.48594 0.0459468 0.182639 -0.438603
4930 -0.0755664 0.610323 0.536143 -0.0145709
5067 -0.800052 0.364454 0.525653 0.130325
3156 1.07913 0.48867 0.0177507 -0.212338
1519 -0.861253 -0.557785 -0.262662 -0.143269
5139 0.355815 -0.655125 0.431235 -0.0564777
3639 1.41177 0.130555 0.212567 -0.345648
4663 0.517823 0.580452 0.457596 -0.0735345
91 0.044305 0.0828956 -0.812819 0.000739202
228 0.793549 0.15432 -0.625858 -0.138492
3163 1.28355 0.345637 -0.0614423 0.302081
4187 0.710083 -0.6809 -0.0269868 -0.113916
300 -0.808616 0.0398386 -0.639568 0.133512
3646 1.38495 -0.275894 0.0493303 -0.361691
5831 0.338435 0.151157 0.769323 -0.0555434
2283 -0.791962 -0.645383 -0.0817021 -0.127646
3444 -1.57469 -0.104297 0.0612865 -0.540016
646 -1.15268 0.208329 -0.397836 -0.214444
1944 0.504922 -0.692367 -0.293305 0.0786636
2081 -1.5291 0.138805 -0.0837825 -0.410005
170 -0.196074 -0.280931 -0.75904 0.0251681
4266 -1.43827 0.167554 0.165233 0.333037
4814 -0.00866066 -0.725383 0.37781 -0.00522418
2016 0.0471538 -0.816105 -0.0679699 0.00597627
4201 0.529217 -0.71793 0.193178 0.0808698
2564 1.2809 0.166877 -0.313463 0.264595
653 -1.06241 0.0357531 -0.505607 0.196198
4886 1.06955 0.191032 0.455895 -0.196812
5773 -0.140931 -0.223666 0.77856 0.0199997
40 0.0326145 -0.22844 -0.786296 0.00500052
5160 0.541312 -0.517477 0.525956 0.0797963
3523 -0.136255 -0.793204 0.186629 -0.026705
1749 -1.41523 0.209659 -0.144518 0.380963
2910 0.0696411 0.744941 -0.322627 -0.00905205
2023 0.247258 -0.79604 -0.111426 -0.0320717
3047 0.337924 0.768151 0.150613 -0.0555243
249 0.274988 0.587528 -0.534498 0.0451386
1410 1.36221 -0.13457 -0.264962 -0.344674
3184 -1.31194 -0.335147 0.034205 -0.29197
660 0.12477 -0.682981 -0.447264 -0.0160127
5780 -0.325697 -0.0904247 0.78238 -0.0422142
2982 1.09071 -0.471947 0.129513 0.201174
2095 0.93055 0.512801 -0.261211 -0.160007
3393 1.06985 0.456045 0.187742 0.19873
595 -0.897867 -0.424127 -0.422324 -0.153687
1143 -1.13845 -0.252539 -0.386633 0.206012
3602 -0.889266 -0.562978 0.219037 0.150702
804 0.895535 -0.348371 -0.487118 0.160745
2102 0.981082 0.542366 -0.0756269 -0.168344
4972 -1.01402 -0.335799 0.414908 0.192267
1424 -0.436698 0.747844 -0.156854 0.0674208
4770 1.27817 -0.0564793 0.351846 0.300272
5794 0.0769107 -0.0699689 0.809198 0.0110651
198 0.304435 0.353923 -0.708883 0.0465367
4568 -0.499708 0.598123 0.446173 0.0742513
746 -0.930899 0.373239 -0.440122 0.157113
4979 -0.966187 -0.182204 0.530547 -0.174757
3205 1.52383 -0.167491 0.0161935 0.421775
1294 -0.965505 0.529473 -0.180851 0.174473
1431 -0.234925 0.741334 -0.299391 -0.041535
544 -0.437536 -0.613118 -0.46182 0.0677181
2592 1.62773 0.0439565 -0.0500082 0.54848
1842 -0.695121 0.662447 -0.172173 0.110658
4640 -1.16567 -0.274772 0.345491 0.215063
1092 0.709414 -0.143916 -0.667168 -0.116721
3140 0.756092 0.656571 0.0277948 0.12096
342 0.419745 0.589215 -0.4904 -0.0630144
4712 -0.96587 0.433965 0.352577 0.164496
1777 -1.21189 0.366604 -0.17792 -0.268815
2801 -0.141622 0.776589 -0.223241 -0.020018
140 0.356243 -0.334578 -0.710815 0.0480647
2599 1.53851 0.0826301 -0.121726 -0.501978
1712 0.353247 -0.711627 -0.335616 -0.0482366
2736 1.57952 -0.0688196 -0.0915722 0.532
4784 0.21608 0.731806 0.325657 0.0408232
2123 0.601487 0.700716 -0.146051 -0.101751
3147 0.535095 0.734717 -0.0410527 -0.0809605
4719 -0.761026 0.588789 0.290137 -0.12459
5267 0.835722 0.110318 0.612555 0.13605
284 -0.551663 0.0390954 -0.735107 0.0835372
1308 0.775561 -0.582835 -0.299348 -0.125497
1445 1.05459 0.290518 -0.415886 0.19274
2606 1.45029 0.178387 -0.131284 -0.382589
5541 0.424527 -0.397541 0.657021 0.0586629
5339 -0.738272 0.0426095 0.666596 -0.117253
356 -0.105173 -0.510784 -0.638014 0.0163405
1517 -0.682415 -0.617096 -0.315989 0.112577
5750 -0.328957 0.2502 0.74301 -0.040268
291 -0.617444 0.214345 -0.682255 -0.101571
5411 -0.234109 -0.29993 0.743424 -0.0413372
5685 0.757048 0.0292864 0.65772 0.120871
5822 0.151325 0.0276114 0.806902 0.0275101
4935 -0.202502 0.693516 0.40469 -0.0295841
5072 -1.02198 0.0414684 0.525342 0.198098
89 0.123438 0.0190121 -0.813637 -0.0179549
3161 1.30338 0.310548 0.117818 0.30845
4596 -0.166174 -0.741576 0.332477 0.0253029
637 -1.3123 0.0321339 -0.333478 0.291698
24 0.0475993 -0.0704246 -0.814578 -0.00635234
2072 -1.64687 0.0152926 -0.0508704 0.578392
3233 -0.0950089 0.808286 0.0487607 -0.0160954
3644 1.1683 -0.391004 0.193653 0.247506
709 -0.489516 0.570293 -0.487437 0.0759845
5079 -0.843431 0.192504 0.589955 0.150812
4192 0.48938 -0.751872 0.0605266 -0.0697353
1531 -0.978993 -0.45936 -0.313302 -0.182967
781 0.629069 -0.502756 -0.503365 0.0974199
442 -0.643558 -0.14061 -0.693872 0.0937435
4538 1.20488 -0.236258 0.336369 -0.259041
1740 -1.40772 0.0845387 -0.246093 0.376423
5562 -0.361516 0.51066 0.587902 0.0535059
240 0.0644898 0.532111 -0.616227 -0.0110731
3449 -1.53106 -0.0846008 0.138219 0.410615
5360 -0.639434 -0.285367 0.647137 0.101516
5634 -0.604066 0.293262 0.652825 0.0994251
5771 -0.206176 0.208668 0.774508 -0.0349177
2086 -1.50749 0.0272798 -0.175781 0.413882
5569 -0.213523 0.485867 0.637505 -0.0316287
5713 0.0630518 0.485194 0.651377 -0.0184206
2778 0.0202092 0.777164 -0.238161 0.00381965
3052 1.59942 0.085131 0.02977 0.517699
528 -0.437676 -0.462755 -0.612017 -0.0677886
1689 -1.3954 -0.243865 -0.126273 0.372317
802 0.82645 -0.190683 -0.602508 -0.136573
2987 1.26956 -0.36956 -0.00746241 -0.277501
4761 1.07924 0.0207626 0.489874 0.212782
189 -0.00898447 0.37567 -0.724164 0.00498451
326 0.919266 0.28874 -0.506004 0.160438
1213 -0.163636 0.609808 -0.531059 -0.0184326
600 -0.683136 -0.317305 -0.615452 0.11254
3535 0.123455 -0.815078 0.0215188 0.0176555
4696 0.653055 -0.607407 0.355392 0.107726
4833 -1.30643 -0.00288333 0.337998 -0.282201
124 -0.372217 0.203031 -0.753977 -0.0594317
1285 -1.01297 0.413811 -0.334847 0.192368
4220 0.333883 -0.785928 0.0650362 -0.0500822
5518 0.786139 -0.260707 0.592493 0.133782
672 0.0526486 -0.635566 -0.517715 0.0134249
1696 -0.347038 -0.751404 -0.239245 0.0540773
3542 0.0229097 -0.799428 0.176196 -0.0177216
607 -0.909994 -0.145908 -0.57333 -0.15904
4703 0.931628 -0.501417 0.288239 -0.162921
2042 -0.117334 -0.787766 -0.214416 0.0198667
1429 -0.385881 0.726655 -0.26705 -0.0562954
3614 -1.40762 -0.247678 0.0861197 -0.376698
4573 -0.483395 0.656823 0.363564 -0.0735888
3686 -0.328656 0.741896 0.250626 -0.0402969
888 -0.256253 0.386564 -0.70082 0.0314548
4984 -0.738692 -0.344338 0.573322 0.120783
138 -0.218061 0.24118 -0.768253 -0.0327776
1299 -0.738193 0.571718 -0.343446 -0.120896
412 -0.926304 0.10054 -0.573666 0.162934
4234 0.392774 -0.733981 0.255221 -0.0557082
4645 -1.11612 -0.131749 0.454077 0.207695
4919 0.328235 0.697053 0.359727 -0.0438436
5121 0.0656443 -0.617385 0.534173 0.0111943
2121 0.740102 0.644305 -0.162137 -0.11578
210 0.48796 0.0583717 -0.750901 0.0688929
347 -0.351409 -0.401344 -0.677787 -0.056487
1234 1.05957 -0.281759 -0.424426 0.189581
3145 0.493164 0.732692 0.147721 -0.0755553
1782 -1.16295 0.345547 -0.27447 0.213316
2056 -1.5569 -0.096258 -0.0984709 0.527559
4241 -1.30244 0.339734 -0.0012316 0.280261
5128 0.227962 -0.612614 0.520396 0.0297112
4789 0.0697429 0.710775 0.39401 -0.00309523
4926 -0.361524 0.587049 0.51142 0.053619
80 0.286802 0.180445 -0.774295 -0.0465274
5820 0.385222 -0.0421794 0.773409 0.0611175
2272 -0.544148 -0.736441 -0.077368 0.0867522
772 0.534991 -0.450001 -0.58918 -0.0839985
4868 0.734088 0.46947 0.469688 -0.117548
3231 -0.214807 0.794983 0.0924244 -0.0257958
4529 0.957333 -0.345869 0.445813 0.175019
5690 0.493873 0.148603 0.733674 -0.0756741
707 -0.245603 0.532987 -0.594784 -0.0412769
5827 0.293183 0.0455324 0.789056 -0.0391045
3029 0.385023 0.77167 -0.0424663 0.0611395
2279 -0.643288 -0.69546 -0.138672 -0.093853
3440 -1.65121 -0.0469863 0.0171045 -0.58466
1940 0.560931 -0.709608 -0.195331 -0.0802216
5423 0.0533802 -0.478311 0.662542 -0.0140072
4536 1.08336 -0.333663 0.360729 -0.20136
3649 1.33804 -0.214229 0.226892 -0.323215
1738 -1.35727 0.187458 -0.238439 -0.293703
3173 -0.616696 -0.683564 0.217127 -0.101571
447 -0.792989 -0.0838006 -0.643512 -0.127899
584 -0.616633 -0.576787 -0.425104 0.0935123
4680 1.03138 0.365451 0.364746 -0.191025
995 1.10009 0.040226 -0.479722 -0.217657
4204 0.831463 -0.628836 0.0343596 0.135756
5639 -0.334265 0.346523 0.703626 -0.0488417
656 0.0375408 -0.725978 -0.381981 0.0115131
793 0.605843 -0.349829 -0.628286 -0.0972874
1680 -1.39396 -0.129675 -0.242063 -0.373242
5163 0.42139 -0.491595 0.590825 -0.0627754
180 -0.020094 0.469648 -0.66595 0.00323501
317 0.64693 0.354715 -0.607811 -0.106652
4687 1.18559 0.299191 0.296516 0.21602
4824 -1.14667 -0.0152557 0.448873 0.231199
4211 0.934535 -0.545603 0.190401 -0.16113
663 0.282698 -0.675761 -0.426964 -0.046442
2985 1.12024 -0.469343 0.0360387 -0.224588
50 -0.136155 0.1839 -0.791975 0.0266704
324 0.813616 0.453245 -0.442714 -0.128086
3533 0.044378 -0.814106 0.0857894 0.000752478
5444 -0.396408 -0.433821 0.643695 -0.0648171
2033 0.0307358 -0.7876 -0.227195 0.00445842
3057 1.49217 0.17873 0.0384322 -0.449298
259 0.353874 0.429172 -0.654359 0.056389
4218 0.647992 -0.663471 0.238482 0.0976382
533 -0.356014 -0.555094 -0.554081 -0.0476189
4766 1.22992 0.0263833 0.390523 -0.244763
4903 1.18164 -0.15148 0.3986 -0.226606
2105 1.03473 0.489358 -0.165099 0.204093
1218 -0.397055 0.641557 -0.43301 0.0647242
2040 -0.169198 -0.804714 -0.112901 -0.0203159
3201 -1.06016 -0.508217 0.0380534 0.195646
5523 0.74051 -0.161521 0.646421 -0.115372
3612 -1.35747 -0.240334 0.187521 0.294283
4636 -1.21446 -0.178736 0.36639 -0.268568
64 0.333403 0.0628639 -0.784615 0.049738
2112 0.785305 0.590388 -0.260841 0.133732
338 0.68122 0.529734 -0.438804 0.109053
1773 -1.34122 0.291529 -0.114673 0.298985
2184 -1.30625 -0.333658 -0.080386 -0.27843
3208 1.6476 -0.0257908 0.0419703 -0.593125
5256 0.804524 0.263797 0.577992 -0.127632
2732 1.48973 -0.0620996 -0.182227 -0.416184
1845 -0.639029 0.645598 -0.284271 -0.101216
4917 0.176364 0.612731 0.521139 -0.0237681
5804 -0.066737 0.263883 0.768515 0.00913438
3691 0.0408724 0.80534 0.101942 -0.00584166
2804 -0.181911 0.794709 -0.123818 0.0261745
1167 -0.105876 -0.638335 -0.510583 0.0158679
2191 -1.13792 -0.389126 -0.250182 -0.205741
4239 -1.14614 0.447835 -0.0131993 -0.230723
2739 1.51981 -0.158889 -0.0695688 0.428403
3424 0.834932 0.611887 0.108404 0.135779
13 -0.301693 -0.0718139 -0.791215 0.0455938
2198 -1.06001 -0.503816 -0.0849264 0.189339
3222 1.46045 -0.116461 0.17912 0.399681
1448 1.07096 0.362282 -0.339865 -0.197412
4657 0.716604 0.576548 0.344463 0.11594
698 -0.487006 0.41491 -0.626665 0.0781637
5270 0.557213 0.221603 0.695688 -0.0804216
85 0.390479 0.253114 -0.733166 0.0554937
5342 -0.732698 0.135967 0.65567 -0.122506
5753 -0.337799 0.0210999 0.783434 0.0565632
2955 -0.871686 0.607677 -0.0160747 0.150077
4253 -1.22711 0.339761 0.200218 0.237768
431 -0.890677 0.216601 -0.561174 -0.15125
1729 0.329637 -0.771938 -0.171738 0.0419722
5075 -0.997691 0.157647 0.517911 -0.166327
229 0.92042 0.191501 -0.5509 0.15714
2277 -0.581149 -0.684868 -0.254282 0.0928773
3575 -0.217433 -0.769606 0.243535 0.0328394
5760 -0.214943 0.0921057 0.796396 -0.0258172
164 -0.346067 -0.241181 -0.750071 -0.0543932
5421 -0.0166288 -0.543285 0.611829 -0.00465809
438 -0.581474 -0.255675 -0.683366 0.0929378
4808 -0.0190688 -0.667088 0.471833 -0.00320086
1397 1.14865 -0.317796 -0.322946 0.24728
784 0.534209 -0.588348 -0.451754 0.0836488
1945 0.70922 -0.668318 -0.143792 -0.117352
3243 -0.205965 0.773295 0.208938 0.0347412
4267 -1.47546 0.0676719 0.18744 0.416537
3517 -0.185161 -0.804687 0.0908203 0.0171731
4815 0.1183 -0.741632 0.335968 0.0117187
2904 0.277389 0.689522 -0.391546 0.0414331
993 1.07175 0.132455 -0.481064 -0.193888
5363 -0.580228 -0.112653 0.716844 -0.0906379
1404 1.37228 -0.257532 -0.140508 0.344947
4887 1.21078 0.205396 0.344204 0.265437
178 -0.398664 -0.132727 -0.765542 -0.0541005
5572 -0.0755206 0.535886 0.610748 -0.0143096
4209 0.803373 -0.623177 0.154243 -0.141426
798 0.778796 -0.299596 -0.580206 0.126695
4894 0.932158 -0.260379 0.51487 0.159415
48 -0.18534 0.0878943 -0.803378 -0.0175391
5305 0.294942 0.464516 0.638038 -0.0451567
322 0.797012 0.369113 -0.524818 0.137774
5716 0.216252 0.325993 0.732592 0.0408022
2781 0.0765421 0.807427 -0.0698979 -0.0111734
120 -0.458578 0.260102 -0.715673 0.0625451
1418 -0.473326 0.67725 -0.333934 0.0670526
1692 -0.429318 -0.710318 -0.302045 -0.0608154
5788 0.0211986 -0.238604 0.779135 0.00404157
5175 0.571308 0.374133 0.619688 -0.0893049
603 -0.862225 -0.264347 -0.555775 0.143436
2788 0.13043 0.793448 -0.152625 -0.0182099
5723 -0.0576755 0.363135 0.727866 0.000889781
1151 -1.06172 -0.0870558 -0.501327 -0.189545
264 0.128403 -0.446604 -0.682609 -0.0155896
1288 -0.912091 0.51106 -0.289073 -0.154273
538 -0.182249 -0.572608 -0.572218 0.0280498
1086 0.563064 -0.195407 -0.707984 0.0803041
4569 -0.60384 0.651471 0.294512 0.0991891
4843 -1.22716 0.199461 0.34068 -0.238114
884 -0.166985 0.330216 -0.740263 -0.0258059
2045 -0.302466 -0.792669 -0.0689342 -0.0457384
4230 0.288115 -0.775427 0.182667 0.0467118
1230 1.0974 -0.172109 -0.454091 0.215136
3415 0.804975 0.577865 0.261637 0.127885
3689 -0.0667883 0.767376 0.264047 0.00935063
5737 -0.466173 0.17494 0.734762 0.0793707
4 -0.168479 -0.115594 -0.803149 0.0205425
2052 -1.63994 -0.041271 -0.0448515 -0.568216
3213 1.57451 -0.0885619 0.0760623 -0.516338
1987 1.10506 -0.448287 -0.176114 0.220641
1511 0.534659 0.660291 -0.327068 0.0831855
3696 0.0602511 0.786119 0.200714 0.00854463
5131 0.276258 -0.535493 0.589505 -0.0452488
148 0.112753 -0.30159 -0.758174 0.0129107
4244 -1.34098 0.300897 0.074233 -0.341469
422 -0.999244 0.265032 -0.472436 0.191148
5268 0.74092 0.198779 0.633253 0.12763
2744 1.65663 -0.0146502 -0.0399018 -0.618252
5405 -0.436609 -0.157808 0.749506 -0.0676415
220 0.824402 0.0342706 -0.63065 0.133744
3566 -0.415734 -0.76697 0.0973117 0.0579704
3703 0.215531 0.766695 0.231655 0.0241927
2816 -0.0739675 0.809263 -0.0560107 -0.00721034
5001 -0.48912 -0.488316 0.572457 -0.075788
1316 0.892667 -0.490834 -0.346529 -0.160187
429 -0.723248 0.268446 -0.619407 -0.113881
703 -0.410654 0.509458 -0.576019 -0.0560124
4936 -0.657166 -0.590081 0.376881 0.103197
5347 -0.597764 -0.00396764 0.719583 0.090534
1525 -0.908662 -0.57548 -0.143985 0.158682
775 0.81666 -0.45136 -0.449383 -0.136525
1936 0.471119 -0.748742 -0.134113 0.0760943
2960 -0.736494 0.66599 0.0433653 -0.116241
4871 0.798141 0.393484 0.501845 0.131099
5693 0.236739 -0.31867 0.733719 0.0349479
984 0.979617 -0.0207773 -0.55435 0.173589
3032 0.151018 0.805328 0.0274401 -0.0274409
3169 -0.666682 -0.691318 0.104513 0.102007
4604 -0.392317 -0.691865 0.356962 -0.06118
2967 -0.597619 0.718134 -0.00315341 -0.0907216
5426 0.183949 -0.47529 0.653995 -0.0244111
580 -0.616911 -0.426234 -0.57545 -0.0934994
4676 0.947845 0.448008 0.341519 -0.163144
1676 -1.33848 -0.228239 -0.224726 -0.282495
4885 1.0095 0.103997 0.521489 0.184501
4272 -1.02031 0.524723 0.043076 0.197708
4683 0.946399 0.342995 0.448238 0.163139
998 1.2483 0.000521191 -0.382693 0.261019
248 0.226803 0.518372 -0.611554 -0.0293695
1409 1.30447 -0.239933 -0.245246 -0.27918
3457 -1.51392 -0.172124 0.0285999 0.419915
5779 -0.181485 -0.124271 0.796505 0.0260509
4279 -0.842198 0.589168 0.193551 -0.1509
3392 1.00858 0.521345 0.100951 -0.184164
5303 0.176273 0.521363 0.612825 -0.0239118
392 0.136594 -0.576107 -0.577029 0.0204997
5786 -0.0735452 -0.0562521 0.810984 -0.00705312
4899 1.03495 -0.163395 0.492017 0.204236
940 -0.0179671 0.609688 -0.542296 0.00483561
5173 0.71595 0.345876 0.576743 0.115943
190 0.117895 0.333919 -0.740395 -0.0116929
1214 -0.236226 0.657544 -0.457865 0.030955
4286 -1.08068 0.426638 0.242546 0.218426
3673 -0.46555 0.733632 0.175515 0.0791866
738 -0.664951 0.532106 -0.447537 -0.100594
4834 -1.34461 0.0742981 0.298569 0.344315
2036 -0.0801087 -0.816081 -0.0528324 0.00994693
5447 -0.160371 -0.391719 0.710149 -0.019579
5721 0.0697967 0.394066 0.711524 -0.00308801
3608 -1.23557 -0.306311 0.248375 0.282583
4632 -1.34704 -0.115025 0.288687 -0.300642
4906 0.389348 0.584695 0.502596 0.0586426
947 0.0521777 0.660456 -0.477419 0.0137581
60 -0.31059 0.0367139 -0.791419 0.0469276
1084 0.473361 -0.134918 -0.746916 -0.0765305
334 0.520756 0.433975 -0.603356 0.0797097
3067 1.41424 0.213952 0.124415 0.343601
1156 -0.122296 -0.726808 -0.372943 0.0240858
406 0.366148 -0.483354 -0.617182 -0.0581303
5526 0.832377 -0.0718126 0.621395 -0.147626
1091 0.507148 -0.292406 -0.691404 0.0789757
204 0.708765 -0.0279935 -0.680046 0.113268
341 0.538441 0.524862 -0.516453 -0.0790221
1502 0.674603 0.598713 -0.343597 0.106165
4574 -0.334136 0.702571 0.347083 -0.048781
1163 -0.193592 -0.686581 -0.431094 -0.0217761
276 0.0551445 -0.517053 -0.635693 0.0146522
3485 -1.55963 0.128112 0.00510376 -0.490268
3622 -1.42014 -0.145083 0.206934 -0.384434
5533 0.676119 -0.344269 0.600318 -0.10578
5807 0.04106 0.102057 0.806749 -0.00601948
1509 0.42258 0.655665 -0.396221 -0.0581428
4718 -0.800602 0.52403 0.365656 0.130685
5742 -0.466249 0.0624024 0.753298 0.0613885
896 -0.184518 0.470403 -0.655745 -0.0221327
4992 -0.409883 -0.577102 0.511661 0.0559367
2194 -1.17153 -0.415886 -0.140484 0.251452
5540 0.536294 -0.328001 0.661819 -0.0838964
1718 0.109996 -0.759194 -0.301333 0.0128631
4790 -0.057845 0.726921 0.36334 0.000914499
5064 -0.965438 0.351013 0.435901 0.163829
81 0.125603 0.225661 -0.779251 -0.0182985
218 0.526135 0.190967 -0.717432 -0.0806298
3427 0.556654 0.695151 0.220283 -0.0800666
3564 -0.371335 -0.755298 0.205661 -0.0592129
1790 -1.11532 0.453282 -0.130074 -0.207683
2064 -1.50739 -0.1698 -0.0692015 0.391679
3225 -0.337885 0.781893 0.0216999 0.056583
1314 0.824077 -0.60496 -0.190522 0.13599
4660 0.571532 0.619367 0.373244 0.0901209
4934 -0.213577 0.636693 0.486417 0.0314669
5071 -0.760657 0.28884 0.59041 -0.124323
160 -0.428982 -0.303193 -0.709134 0.0606522
4256 -1.47189 0.191126 0.0658482 -0.411158
4667 0.476126 0.682909 0.313838 -0.0762883
1732 -1.23432 0.248271 -0.305145 -0.28214
5691 0.535506 -0.0404109 0.736407 0.0807045
95 0.250397 -0.00294489 -0.800972 0.0372546
5763 -0.0948997 0.0486002 0.809821 0.0161461
30 0.248313 -0.113285 -0.794398 0.0319935
3513 -0.0878007 -0.815962 0.0425779 0.0170984
4537 1.0716 -0.407904 0.287933 0.198165
5698 0.07075 -0.323198 0.746989 0.00917895
2900 0.235193 0.731934 -0.317851 -0.0346459
3037 0.292789 0.787563 0.04517 0.0389845
4948 -0.931498 -0.440962 0.374795 -0.157576
239 0.642313 0.237162 -0.663955 -0.0965351
5359 -0.695488 -0.173256 0.663859 0.110861
4609 -0.183408 -0.656941 0.472584 -0.0219101
5633 -0.499582 0.44511 0.59933 -0.0744139
5157 0.524032 -0.603886 0.435476 0.0797993
4270 -1.292 0.24656 0.245974 -0.311497
5294 0.389215 0.502824 0.584814 0.0586733
5431 -0.0176409 -0.400049 0.713139 -0.00571495
5705 0.353641 -0.224207 0.747922 -0.0521191
2020 0.106135 -0.804571 -0.140817 -0.01453
3181 -0.807623 -0.641297 0.0423036 -0.133345
2568 1.14667 0.19805 -0.402124 -0.240113
3592 -0.924481 -0.575794 0.103 -0.162362
44 -0.0877437 0.0395547 -0.814604 -0.017296
4277 -0.99658 0.517082 0.159038 -0.165746
5438 -0.162384 -0.531958 0.612079 0.0182234
5575 -0.202423 0.404243 0.694475 0.0294608
592 -0.714346 -0.482242 -0.480799 0.118544
2914 0.352471 0.746164 -0.223684 0.0518711
1140 -1.30564 -0.0830411 -0.33235 -0.276267
3188 -1.17737 -0.421776 0.0970873 -0.251659
2575 1.35419 0.0615772 -0.295375 0.344578
3599 -0.998727 -0.473909 0.266859 -0.191071
736 -0.657698 0.374513 -0.588985 -0.103171
1147 -1.17288 -0.142873 -0.413107 0.25248
260 0.0405051 -0.381936 -0.725246 0.0120057
2582 1.31612 0.2318 -0.229921 -0.316229
3606 -0.722422 -0.620728 0.270954 0.1137
4767 1.30141 0.123982 0.310448 -0.305967
945 0.18282 0.652036 -0.474294 0.024398
2106 1.18372 0.393649 -0.154461 0.230365
1219 -0.16154 0.707916 -0.39113 -0.0198132
5178 0.517581 0.457837 0.580751 -0.0730956
3678 -0.465937 0.751942 0.0631038 -0.061275
743 -0.756781 0.430875 -0.498438 0.130467
4702 0.819469 -0.44162 0.453769 -0.12934
4976 -0.912885 -0.290218 0.512278 -0.154315
267 0.286096 -0.425354 -0.675699 -0.046984
2589 1.47762 0.0307434 -0.202275 0.367446
1839 -0.847699 0.60698 -0.123127 0.134895
1976 0.98563 -0.537363 -0.131033 0.180469
1226 0.981018 -0.129808 -0.539085 -0.177676
2798 0.297139 0.775455 -0.142923 0.0485428
