0 -0.0795012 -0.0553281 -0.817564 -0.0112394
1435 0.948254 0.445585 -0.348951 -0.187623
3483 -1.61285 0.0569171 0.0182663 0.592622
1709 -0.398639 -0.769377 -0.130542 -0.0593867
1846 -0.577388 0.718012 -0.112231 -0.097763
4781 0.0627019 0.653485 0.487121 -0.0195612
4918 0.293145 0.640499 0.465935 0.0487465
209 0.54689 -0.0218036 -0.738158 -0.0901562
5531 0.60029 -0.146657 0.704832 0.109763
4716 -0.656574 0.53002 0.454237 -0.112077
5740 -0.589387 0.202258 0.692756 -0.0947552
894 -0.391851 0.355438 -0.693352 0.0661897
7 -0.11496 -0.216723 -0.789339 -0.021351
144 0.26981 -0.276123 -0.753445 -0.0485172
1305 0.601687 -0.631409 -0.351336 0.104303
5401 -0.471025 -0.335943 0.681501 0.0721476
3627 1.57646 0.0336868 0.0858041 0.548257
1716 0.266311 -0.754821 -0.276035 -0.0474824
5812 0.060586 0.20183 0.790231 0.00924293
1990 1.24621 -0.364306 -0.112714 -0.283068
3425 0.736347 0.635584 0.197872 -0.137248
1514 0.50559 0.710775 -0.229664 -0.0815352
288 -0.663875 0.102055 -0.692422 -0.11021
1449 1.19123 0.334998 -0.243041 0.274147
5408 -0.384055 -0.268666 0.731049 0.0609933
5819 0.215321 0.232708 0.770729 0.02647
5069 -0.656489 0.453021 0.531252 -0.111944
3158 1.22461 0.38824 0.0226612 -0.266845
4867 0.5938 0.507893 0.508112 -0.104477
158 0.330839 -0.17322 -0.772994 -0.0453679
432 -0.541581 -0.0796258 -0.737589 -0.0938356
3641 1.29776 -0.299457 0.157518 0.29922
5689 0.596912 0.0443851 0.718909 -0.102171
4939 -0.661937 -0.449828 0.535838 0.10911
3165 -0.549848 -0.738719 0.0417861 0.0904061
4189 0.546198 -0.739578 -0.0202772 0.0902764
5350 -0.842447 -0.124606 0.610848 -0.14548
4600 -0.254373 -0.704772 0.389752 0.0341842
641 -1.16893 0.0959522 -0.421781 -0.269543
4874 0.952456 0.263604 0.494422 -0.189513
2963 -0.726847 0.657815 0.136799 0.13094
28 0.106764 -0.1431 -0.805933 -0.0155332
2076 -1.54928 0.0625343 -0.108475 -0.55821
5696 0.277944 -0.394411 0.69352 -0.0447968
4946 -0.753009 -0.501289 0.433901 -0.14032
5083 -1.0732 0.241233 0.430156 -0.233273
100 0.0220899 0.174192 -0.801166 -0.0180074
1672 -1.20764 -0.291377 -0.289068 0.295076
3381 0.954156 0.493868 0.261624 -0.189481
5638 -0.481454 0.363916 0.660549 0.0790785
2977 0.984877 -0.551207 -0.0234268 0.192668
5162 0.681492 -0.441662 0.531918 -0.11784
3525 -0.310386 -0.795316 0.0392511 -0.0508634
4823 0.304399 -0.712557 0.356823 -0.0509266
3049 1.42 0.232645 -0.0510403 -0.373343
5306 0.326185 0.361376 0.700643 0.0471049
3395 1.20125 0.347833 0.20325 0.280388
5443 -0.233687 -0.460208 0.662259 0.0332475
3193 -1.1406 -0.403296 0.210536 0.229131
4902 0.976533 -0.0739684 0.545816 -0.181322
3539 0.248754 -0.805383 -0.000911681 -0.0399472
3676 -0.58868 0.691738 0.203212 0.0949935
4700 0.801243 -0.525136 0.36968 0.150276
128 -0.414351 0.0945157 -0.768436 0.0629288
402 0.362179 -0.61822 -0.487313 0.0625873
1700 -0.1977 -0.762807 -0.280263 0.0280094
5796 0.131 -0.153496 0.798242 -0.0199067
950 -0.0185301 0.713839 -0.4008 0.00592747
5183 0.473188 0.315807 0.68644 0.0817643
611 -0.975626 -0.31482 -0.458195 -0.196927
1159 -0.35075 -0.681285 -0.401394 -0.0608849
4231 0.124023 -0.783414 0.228264 0.0191328
409 0.28874 -0.565661 -0.567391 -0.0441579
3481 -1.61169 0.0189865 0.0579645 -0.589753
5803 0.29714 -0.144002 0.78006 -0.0521343
2118 0.8295 0.62125 -0.0728673 0.158441
3142 0.596311 0.717757 0.0435664 0.101933
344 -0.120058 -0.374418 -0.728668 0.0255942
4988 -0.484184 -0.630203 0.418245 -0.0840036
3488 -1.53976 0.00561999 0.130239 0.513616
3625 1.40967 -0.0443444 0.242904 0.364553
1988 1.05207 -0.426521 -0.28378 -0.202574
1238 1.23313 -0.104553 -0.374463 -0.278924
351 -0.192324 -0.433042 -0.688204 -0.0238265
3560 -0.455653 -0.719538 0.26311 -0.0674793
5334 -0.867392 -0.0174263 0.61089 0.161224
2810 -0.324712 0.78366 -0.0899993 0.0458272
4858 0.793199 0.503954 0.39499 0.141495
2060 -1.48455 -0.0708535 -0.173475 -0.416755
4995 -0.243568 -0.598041 0.536983 0.0442323
5543 0.506308 -0.230049 0.712473 0.080825
3632 1.47097 0.0443203 0.183304 -0.467918
4930 -0.0753175 0.612573 0.538365 -0.0157526
5067 -0.796065 0.365706 0.527426 0.140512
3156 1.07412 0.489412 0.0188479 -0.22821
1519 -0.857851 -0.559301 -0.262363 -0.154987
5139 0.353986 -0.657718 0.432406 -0.060498
3639 1.39872 0.130655 0.213796 -0.369387
4663 0.514083 0.583167 0.459617 -0.079307
91 0.0441124 0.083502 -0.81579 0.00101335
228 0.790621 0.153942 -0.627829 -0.149186
3163 1.27485 0.346016 -0.06068 0.322714
4187 0.705841 -0.683488 -0.0272813 -0.122353
300 -0.803842 0.0403449 -0.641948 0.143669
3646 1.36511 -0.282343 0.0496021 -0.379714
5831 0.337342 0.15121 0.772318 -0.0598792
2283 -0.78777 -0.647547 -0.0813585 -0.137928
3444 -1.55116 -0.106654 0.0650578 -0.565117
646 -1.14217 0.209163 -0.400923 -0.230089
1944 0.502139 -0.695112 -0.293928 0.0845624
2081 -1.50679 0.142872 -0.0858631 -0.4334
170 -0.195513 -0.281537 -0.761851 0.0272086
4266 -1.4219 0.169109 0.167067 0.356503
4814 -0.0101019 -0.728108 0.378716 -0.00527152
2016 0.0466448 -0.818964 -0.0679703 0.00690488
4201 0.526721 -0.720488 0.19373 0.0871976
2564 1.26929 0.167356 -0.315698 0.283688
653 -1.05402 0.0363871 -0.508174 0.210592
4886 1.06157 0.192295 0.458284 -0.21097
5773 -0.140485 -0.224011 0.781505 0.0218705
40 0.0325356 -0.228964 -0.789211 0.00532808
5160 0.538825 -0.519788 0.527367 0.0862261
3523 -0.137197 -0.795907 0.187129 -0.0287482
1749 -1.39768 0.212742 -0.146981 0.401969
2910 0.0696287 0.747929 -0.323762 -0.00995492
2023 0.245975 -0.798869 -0.11188 -0.0341644
3047 0.336874 0.771272 0.150797 -0.0598696
249 0.273767 0.589488 -0.536988 0.0483366
1410 1.34561 -0.138303 -0.268106 -0.365053
3184 -1.29771 -0.338451 0.0351395 -0.310793
660 0.123897 -0.685484 -0.448711 -0.0173562
5780 -0.324297 -0.090559 0.785241 -0.0455381
2982 1.08089 -0.475431 0.129471 0.215558
2095 0.927235 0.513859 -0.261918 -0.173055
3393 1.06282 0.457738 0.189411 0.213084
595 -0.895004 -0.424536 -0.422922 -0.166303
1143 -1.1319 -0.252061 -0.3875 0.222424
3602 -0.883518 -0.565507 0.219019 0.162387
804 0.890833 -0.349295 -0.488701 0.172556
2102 0.977639 0.543332 -0.075229 -0.182472
4972 -1.00715 -0.337301 0.416233 0.20597
1424 -0.435137 0.750612 -0.157482 0.0727118
4770 1.26855 -0.0562096 0.352774 0.320271
5794 0.0769224 -0.0700029 0.812246 0.0120498
198 0.303257 0.354867 -0.711735 0.050387
4568 -0.497625 0.600388 0.447824 0.0803318
746 -0.925318 0.374085 -0.442104 0.169384
4979 -0.959571 -0.182945 0.532726 -0.187726
3205 1.4994 -0.174222 0.016375 0.440608
1294 -0.958989 0.531755 -0.181768 0.187394
1431 -0.233909 0.744276 -0.300328 -0.044528
544 -0.43657 -0.615168 -0.463002 0.0731806
2592 1.60584 0.041475 -0.0520633 0.579237
1842 -0.691545 0.664981 -0.17269 0.119333
4640 -1.15571 -0.276555 0.347155 0.231121
1092 0.705884 -0.144489 -0.669545 -0.125706
3140 0.753742 0.658593 0.0282044 0.130922
342 0.418197 0.591078 -0.492786 -0.0681019
4712 -0.96027 0.435518 0.353689 0.177217
1777 -1.20062 0.369172 -0.179587 -0.286086
2801 -0.141175 0.779727 -0.223707 -0.0218338
140 0.354948 -0.335259 -0.71353 0.0519404
2599 1.51956 0.0808211 -0.124968 -0.530894
1712 0.351449 -0.714329 -0.336444 -0.0521225
2736 1.55422 -0.0747579 -0.0943958 0.555169
4784 0.215066 0.734791 0.326855 0.0436207
2123 0.6002 0.702988 -0.146972 -0.109529
3147 0.534024 0.737274 -0.0417166 -0.087707
4719 -0.757205 0.591043 0.290891 -0.134457
5267 0.831252 0.110944 0.614907 0.146359
284 -0.549509 0.0392018 -0.737623 0.090277
1308 0.771206 -0.585218 -0.299855 -0.135079
1445 1.04902 0.290959 -0.417107 0.207749
2606 1.43612 0.178105 -0.13316 -0.404308
5541 0.422993 -0.399687 0.658921 0.0635985
5339 -0.734089 0.0423522 0.669158 -0.126721
356 -0.105029 -0.512424 -0.640382 0.01777
1517 -0.680329 -0.618983 -0.316158 0.12131
5750 -0.327631 0.251258 0.745745 -0.0437522
291 -0.614291 0.214645 -0.684929 -0.109303
5411 -0.233095 -0.300697 0.746199 -0.044372
5685 0.754195 0.0293808 0.659797 0.130668
5822 0.151199 0.0277891 0.809929 0.0295503
4935 -0.20157 0.696033 0.406558 -0.0319341
5072 -1.01463 0.0410625 0.527731 0.211899
89 0.123135 0.0192256 -0.816622 -0.0193531
3161 1.29241 0.311609 0.120039 0.327864
4596 -0.166873 -0.744273 0.333205 0.0273143
637 -1.29836 0.0332912 -0.336717 0.310978
24 0.0476095 -0.0703877 -0.817559 -0.00702723
2072 -1.62317 0.0177328 -0.0502847 0.608556
3233 -0.0943677 0.811467 0.0495216 -0.0171034
3644 1.15802 -0.394195 0.193615 0.26427
709 -0.487266 0.572447 -0.48925 0.0819768
5079 -0.839002 0.192727 0.592042 0.162075
4192 0.48692 -0.754556 0.0606237 -0.0753395
1531 -0.975055 -0.460135 -0.313132 -0.196764
781 0.626519 -0.504411 -0.504879 0.105209
442 -0.64088 -0.140288 -0.69624 0.101162
4538 1.19766 -0.237271 0.336022 -0.277455
1740 -1.39033 0.0863306 -0.249941 0.397257
5562 -0.360317 0.512598 0.590042 0.0579269
240 0.0640754 0.53397 -0.618769 -0.0117439
3449 -1.50811 -0.08685 0.142691 0.434094
5360 -0.636554 -0.286104 0.649389 0.109608
5634 -0.601233 0.294108 0.655354 0.106893
5771 -0.205342 0.20983 0.777309 -0.0376916
2086 -1.48957 0.0290483 -0.177474 0.4381
5569 -0.212824 0.487904 0.639757 -0.0341762
5713 0.0626358 0.487198 0.65383 -0.0193629
2778 0.0204092 0.780316 -0.238842 0.00428152
3052 1.58155 0.0832823 0.0285586 0.549318
528 -0.436702 -0.463812 -0.614211 -0.0732428
1689 -1.38139 -0.245276 -0.126378 0.394829
802 0.821988 -0.191188 -0.604687 -0.146834
2987 1.25428 -0.374536 -0.00808375 -0.294902
4761 1.07293 0.0214684 0.491292 0.228289
189 -0.00987525 0.376686 -0.727081 0.00506253
326 0.915154 0.289065 -0.507653 0.172734
1213 -0.162703 0.612255 -0.53302 -0.0200979
600 -0.681068 -0.317231 -0.617513 0.121348
3535 0.122604 -0.81795 0.0216669 0.0192595
4696 0.649848 -0.60984 0.356122 0.115833
4833 -1.29232 -0.0038847 0.341359 -0.30138
124 -0.370989 0.203243 -0.756792 -0.0638265
1285 -1.0063 0.41521 -0.336407 0.206073
4220 0.332156 -0.788733 0.0651606 -0.0540388
5518 0.783466 -0.261861 0.593895 0.144029
672 0.0521104 -0.637841 -0.519506 0.0139859
1696 -0.346155 -0.753897 -0.239799 0.0582269
3542 0.0215371 -0.802237 0.1768 -0.0185317
607 -0.905174 -0.145082 -0.575272 -0.17107
4703 0.925832 -0.503654 0.288777 -0.174796
2042 -0.117283 -0.790498 -0.214959 0.0215313
1429 -0.384363 0.729375 -0.267943 -0.0609712
3614 -1.38963 -0.251783 0.0879392 -0.397171
4573 -0.48131 0.659373 0.364892 -0.0793996
3686 -0.327269 0.744752 0.251657 -0.043813
888 -0.25544 0.387635 -0.703639 0.0343668
4984 -0.734887 -0.345307 0.575348 0.130063
138 -0.218119 0.241562 -0.771184 -0.0357004
1299 -0.734419 0.573851 -0.344578 -0.130217
412 -0.919828 0.100988 -0.576231 0.174771
4234 0.390703 -0.736672 0.255962 -0.05996
4645 -1.10648 -0.132899 0.456671 0.222761
4919 0.32623 0.700093 0.360947 -0.047265
5121 0.0648739 -0.619738 0.535895 0.0117984
2121 0.738245 0.646129 -0.162761 -0.125539
210 0.486378 0.0585121 -0.75349 0.0747336
347 -0.350612 -0.402122 -0.680362 -0.0609012
1234 1.05198 -0.282914 -0.426298 0.203843
3145 0.49121 0.735669 0.147882 -0.0812404
1782 -1.15336 0.347248 -0.276227 0.229422
2056 -1.53929 -0.0962797 -0.0973393 0.555938
4241 -1.2888 0.343008 -0.00228286 0.2994
5128 0.226506 -0.615115 0.521945 0.0322963
4789 0.0695419 0.713466 0.395759 -0.00281574
4926 -0.360266 0.589231 0.513349 0.0580566
80 0.285621 0.181055 -0.777206 -0.0499571
5820 0.384393 -0.0430352 0.77613 0.0657014
2272 -0.542139 -0.738754 -0.0775026 0.0937504
772 0.532851 -0.451265 -0.591309 -0.0906701
4868 0.728813 0.471668 0.472172 -0.126312
3231 -0.213899 0.798056 0.0931585 -0.0279855
4529 0.952907 -0.347309 0.446412 0.188033
5690 0.491778 0.148538 0.736583 -0.0813678
707 -0.244486 0.534952 -0.597128 -0.0443696
5827 0.292529 0.045263 0.791996 -0.0424985
3029 0.38424 0.77459 -0.0432242 0.0656862
2279 -0.6406 -0.69769 -0.138596 -0.101183
3440 -1.62576 -0.0477013 0.0200784 -0.612584
1940 0.55772 -0.712333 -0.195852 -0.0866811
5423 0.0531073 -0.480018 0.664922 -0.0148246
4536 1.07735 -0.335148 0.360756 -0.217133
3649 1.32471 -0.217221 0.227338 -0.344753
1738 -1.34094 0.189687 -0.242059 -0.31367
3173 -0.613696 -0.686047 0.217278 -0.109193
447 -0.788775 -0.0831699 -0.6458 -0.138232
584 -0.615204 -0.578449 -0.42593 0.101475
4680 1.02358 0.367291 0.367033 -0.204675
995 1.09317 0.039314 -0.48136 -0.233376
4204 0.826207 -0.631389 0.0340495 0.145799
5639 -0.332959 0.347955 0.706212 -0.052784
656 0.0369534 -0.728598 -0.383178 0.0120043
793 0.603165 -0.350613 -0.630662 -0.104797
1680 -1.38038 -0.129122 -0.243779 -0.395256
5163 0.41946 -0.49393 0.592523 -0.0677825
180 -0.0203015 0.471207 -0.668618 0.00352045
317 0.644858 0.355316 -0.61012 -0.114931
4687 1.17517 0.30098 0.298972 0.233111
4824 -1.1366 -0.0160716 0.451634 0.247367
4211 0.928403 -0.548058 0.190477 -0.173299
663 0.281235 -0.678325 -0.428206 -0.049946
2985 1.10979 -0.472886 0.0356886 -0.239394
50 -0.136563 0.184439 -0.794891 0.0285707
324 0.810511 0.45436 -0.444341 -0.138389
3533 0.0436044 -0.816937 0.0863712 0.000964257
5444 -0.394392 -0.435266 0.646076 -0.0697446
2033 0.0302192 -0.790405 -0.227819 0.00472251
3057 1.47915 0.177169 0.0377738 -0.479491
259 0.352671 0.430375 -0.657075 0.0604845
4218 0.644667 -0.665994 0.238913 0.105243
533 -0.355256 -0.556842 -0.555908 -0.0520639
4766 1.22033 0.0272694 0.392178 -0.263369
4903 1.17495 -0.151952 0.398762 -0.244863
2105 1.03061 0.490092 -0.16524 0.219092
1218 -0.394982 0.644089 -0.434639 0.0696972
2040 -0.169032 -0.807436 -0.113139 -0.0225039
3201 -1.05204 -0.510549 0.0383098 0.210227
5523 0.738314 -0.162352 0.648102 -0.125133
3612 -1.34082 -0.243953 0.189877 0.313871
4636 -1.20283 -0.180395 0.368952 -0.285792
64 0.332317 0.0631081 -0.787444 0.0536632
2112 0.783005 0.591977 -0.261801 0.144051
338 0.678979 0.531171 -0.440659 0.117556
1773 -1.32621 0.294838 -0.116258 0.318565
2184 -1.29379 -0.335796 -0.0800075 -0.298442
3208 1.62249 -0.0290933 0.0423585 -0.619486
5256 0.799021 0.264933 0.580872 -0.137248
2732 1.46917 -0.0667774 -0.18584 -0.434587
1845 -0.636126 0.648003 -0.285147 -0.109286
4917 0.175141 0.615216 0.523204 -0.025723
5804 -0.0662239 0.265316 0.771305 0.00966473
3691 0.0411064 0.808516 0.102719 -0.00628068
2804 -0.181202 0.797873 -0.123839 0.0282977
1167 -0.105817 -0.640609 -0.512297 0.0173105
2191 -1.13141 -0.389735 -0.249972 -0.222268
4239 -1.13616 0.450713 -0.0142588 -0.246843
2739 1.49537 -0.165546 -0.071511 0.448874
3424 0.831257 0.613948 0.109381 0.146141
13 -0.300768 -0.0720155 -0.79399 0.0492701
2198 -1.05292 -0.505622 -0.0843406 0.203692
3222 1.44312 -0.120036 0.180208 0.420134
1448 1.06552 0.362868 -0.34081 -0.212718
4657 0.711706 0.579309 0.346155 0.124568
698 -0.48474 0.416068 -0.629257 0.0840963
5270 0.554095 0.222097 0.698682 -0.0869442
85 0.389083 0.253886 -0.735919 0.0597097
5342 -0.728898 0.13583 0.658167 -0.131837
5753 -0.336317 0.0212108 0.786288 0.0608103
2955 -0.865789 0.610412 -0.0166688 0.161243
4253 -1.21662 0.341954 0.200782 0.255845
431 -0.884904 0.216818 -0.563785 -0.162942
1729 0.327874 -0.774765 -0.172289 0.0453974
5075 -0.991433 0.157738 0.519873 -0.179516
229 0.916475 0.191145 -0.552569 0.169663
2277 -0.579166 -0.687137 -0.254443 0.100265
3575 -0.21787 -0.772321 0.243846 0.0359904
5760 -0.214026 0.092913 0.799311 -0.0280218
164 -0.344962 -0.241579 -0.752778 -0.0586703
5421 -0.0167349 -0.545189 0.614031 -0.00515373
438 -0.579467 -0.255604 -0.685814 0.1005
4808 -0.019723 -0.669547 0.473272 -0.0035803
1397 1.13827 -0.320221 -0.324777 0.264243
784 0.531941 -0.590521 -0.452959 0.0903988
1945 0.704741 -0.670988 -0.14431 -0.125948
3243 -0.205075 0.776235 0.210063 0.0375344
4267 -1.45732 0.0678938 0.190385 0.439345
3517 -0.185266 -0.807342 0.0911669 0.0191269
4815 0.116382 -0.744492 0.336724 0.0125666
2904 0.276518 0.691985 -0.393486 0.0446832
993 1.06529 0.131855 -0.482827 -0.209317
5363 -0.577339 -0.113167 0.719421 -0.0977531
1404 1.35301 -0.263437 -0.142914 0.362609
4887 1.20026 0.206903 0.346675 0.282757
178 -0.397335 -0.132982 -0.768189 -0.0584657
5572 -0.0753012 0.538112 0.612971 -0.0155067
4209 0.798634 -0.625695 0.154171 -0.151788
798 0.774859 -0.30026 -0.582318 0.136663
4894 0.928599 -0.261391 0.515605 0.172563
48 -0.184937 0.0882594 -0.806266 -0.0194023
5305 0.292938 0.466263 0.640757 -0.0484589
322 0.793917 0.369749 -0.526745 0.14823
5716 0.215228 0.327084 0.735508 0.0436157
2781 0.0765441 0.810681 -0.0699453 -0.0121981
120 -0.456563 0.26052 -0.718486 0.0678471
1418 -0.471195 0.679797 -0.335148 0.0723897
1692 -0.428221 -0.712721 -0.302606 -0.0658531
5788 0.0213807 -0.239221 0.782068 0.00449814
5175 0.567383 0.37556 0.622646 -0.0960729
603 -0.858879 -0.263826 -0.557411 0.155181
2788 0.130345 0.796622 -0.153195 -0.0197382
5723 -0.0571583 0.364889 0.730439 0.00126043
1151 -1.05443 -0.0861681 -0.503363 -0.203829
264 0.127979 -0.448012 -0.685113 -0.0169947
1288 -0.906682 0.512954 -0.290173 -0.16618
538 -0.181872 -0.574534 -0.574236 0.0305044
1086 0.560528 -0.195862 -0.710612 0.0869012
4569 -0.600926 0.65412 0.295335 0.106649
4843 -1.21656 0.200195 0.342812 -0.256065
884 -0.167284 0.331036 -0.743166 -0.0277644
2045 -0.301933 -0.795225 -0.0691859 -0.0493072
4230 0.286364 -0.778256 0.183191 0.0501221
1230 1.08953 -0.173118 -0.455943 0.230736
3415 0.799927 0.580451 0.263091 0.137499
3689 -0.0662227 0.770291 0.265469 0.00984808
5737 -0.46428 0.175369 0.737484 0.0851982
4 -0.167842 -0.115799 -0.806066 0.0225043
2052 -1.61819 -0.0411794 -0.0431485 -0.600845
3213 1.55046 -0.0941515 0.0771619 -0.541323
1987 1.0953 -0.451344 -0.176867 0.235569
1511 0.533122 0.662454 -0.328804 0.0896878
3696 0.0604271 0.789161 0.201761 0.00935243
5131 0.274727 -0.537849 0.591313 -0.0483758
148 0.112333 -0.302391 -0.760998 0.0140944
4244 -1.3268 0.30396 0.0741411 -0.361494
422 -0.992332 0.265428 -0.47487 0.204886
5268 0.736285 0.199508 0.636118 0.136774
2744 1.63028 -0.0183758 -0.0413132 -0.643994
5405 -0.43502 -0.158349 0.75211 -0.0729403
220 0.820868 0.0337026 -0.632571 0.14398
3566 -0.414801 -0.769432 0.0971837 0.0628432
3703 0.214917 0.769784 0.232492 0.0263094
2816 -0.0734198 0.812522 -0.0557242 -0.00791108
5001 -0.486972 -0.489949 0.574455 -0.0818104
1316 0.887748 -0.492713 -0.347215 -0.171906
429 -0.719334 0.268765 -0.62201 -0.122488
703 -0.408791 0.511223 -0.578327 -0.060823
4936 -0.654032 -0.592402 0.377501 0.111386
5347 -0.59458 -0.0043494 0.722288 0.0974541
1525 -0.903857 -0.577312 -0.14341 0.170618
775 0.812808 -0.452794 -0.450615 -0.147114
1936 0.468593 -0.751493 -0.134622 0.0820601
2960 -0.732272 0.668729 0.0429969 -0.125608
4871 0.792578 0.39522 0.504547 0.140674
5693 0.236243 -0.320121 0.736215 0.0378609
984 0.974596 -0.0216353 -0.555844 0.187359
3032 0.150912 0.808543 0.027627 -0.0294701
3169 -0.663443 -0.693668 0.104587 0.109991
4604 -0.39067 -0.694486 0.357687 -0.0660747
2967 -0.594471 0.720978 -0.00359154 -0.0977636
5426 0.182938 -0.4773 0.656154 -0.0264681
580 -0.615486 -0.426857 -0.5773 -0.101507
4676 0.940989 0.450273 0.343525 -0.175711
1676 -1.3271 -0.228332 -0.2256 -0.303994
4885 1.0031 0.10506 0.523524 0.198796
4272 -1.01293 0.527315 0.0423822 0.211424
4683 0.939552 0.344523 0.450874 0.175701
998 1.23769 -0.000912131 -0.384751 0.279855
248 0.225768 0.520029 -0.61422 -0.0320117
1409 1.28831 -0.244175 -0.248064 -0.296989
3457 -1.49373 -0.175345 0.0307481 0.441243
5779 -0.180721 -0.124191 0.799486 0.028178
4279 -0.837654 0.591467 0.193664 -0.162172
3392 1.0035 0.522686 0.102386 -0.198931
5303 0.175058 0.52339 0.615308 -0.0258276
392 0.136008 -0.578122 -0.579079 0.0221576
5786 -0.0729336 -0.0559072 0.814052 -0.00774099
4899 1.03033 -0.16391 0.49269 0.219044
940 -0.0178647 0.612062 -0.544389 0.00527597
5173 0.711026 0.347276 0.579642 0.124482
190 0.116547 0.334774 -0.743408 -0.0125595
1214 -0.234725 0.660167 -0.459608 0.0333718
4286 -1.0735 0.428451 0.242968 0.233771
3673 -0.463602 0.736491 0.175909 0.0849987
738 -0.661771 0.534003 -0.44919 -0.10896
4834 -1.32993 0.0741643 0.301858 0.364346
2036 -0.0803622 -0.818907 -0.0527878 0.0111551
5447 -0.15936 -0.392915 0.712834 -0.0212666
5721 0.0695581 0.395778 0.714144 -0.00285263
3608 -1.22319 -0.309125 0.24995 0.30067
4632 -1.33136 -0.116722 0.29219 -0.31996
4906 0.386604 0.587272 0.50468 0.0630688
947 0.052068 0.663037 -0.479275 0.0146115
60 -0.309855 0.0366545 -0.794203 0.0507526
1084 0.471567 -0.135304 -0.749593 -0.0823712
334 0.51903 0.435118 -0.605822 0.0858543
3067 1.40181 0.213908 0.125511 0.368378
1156 -0.122399 -0.72938 -0.374038 0.0258102
406 0.364833 -0.484816 -0.619468 -0.0627791
5526 0.829647 -0.0719401 0.622937 -0.158775
1091 0.504938 -0.292914 -0.694098 0.0849524
204 0.705683 -0.0283902 -0.682301 0.122162
341 0.536557 0.526362 -0.518765 -0.0854761
1502 0.672492 0.600515 -0.345152 0.114496
4574 -0.33273 0.705251 0.348517 -0.052803
1163 -0.193382 -0.689034 -0.432361 -0.0239694
276 0.0549239 -0.51878 -0.638016 0.01539
3485 -1.53772 0.131588 0.00485434 -0.514812
3622 -1.40187 -0.14771 0.210319 -0.405037
5533 0.673631 -0.345963 0.601893 -0.114195
5807 0.041277 0.102858 0.809753 -0.00642235
1509 0.421249 0.657826 -0.398332 -0.0631217
4718 -0.796536 0.525928 0.36686 0.140839
5742 -0.464282 0.0622387 0.756025 0.0665836
896 -0.184025 0.471995 -0.658346 -0.0240861
4992 -0.408195 -0.579211 0.513262 0.0607887
2194 -1.16327 -0.417211 -0.140134 0.269247
5540 0.534497 -0.329845 0.663741 -0.0904573
1718 0.109153 -0.761931 -0.302264 0.0140079
4790 -0.057257 0.729589 0.365104 0.00126813
5064 -0.959884 0.352295 0.437239 0.176647
81 0.124229 0.226226 -0.782277 -0.0192769
218 0.524539 0.191481 -0.719931 -0.0872052
3427 0.553732 0.698141 0.221011 -0.0865657
3564 -0.370353 -0.757872 0.205817 -0.0637555
1790 -1.10587 0.455935 -0.131362 -0.222943
2064 -1.48942 -0.171492 -0.0684221 0.419144
3225 -0.33646 0.784897 0.021752 0.0608599
1314 0.818679 -0.607576 -0.190905 0.145847
4660 0.567603 0.622297 0.374841 0.0969554
4934 -0.21279 0.638997 0.488458 0.0340091
5071 -0.756946 0.289633 0.592512 -0.134257
160 -0.427796 -0.30354 -0.711752 0.0655784
4256 -1.45427 0.193695 0.0663061 -0.434371
4667 0.473209 0.685997 0.314916 -0.0819529
1732 -1.22221 0.249859 -0.307977 -0.300237
5691 0.534339 -0.0412409 0.738779 0.0875304
95 0.249661 -0.00295997 -0.803884 0.0401647
5763 -0.0942171 0.049427 0.812829 0.0170985
30 0.24759 -0.113625 -0.797268 0.0346586
3513 -0.0881433 -0.818722 0.0430807 0.018651
4537 1.06466 -0.409836 0.288169 0.213067
5698 0.0706603 -0.324248 0.749752 0.010075
2900 0.234738 0.734706 -0.3193 -0.0375098
3037 0.292191 0.790676 0.0449738 0.0424123
4948 -0.925746 -0.442881 0.375559 -0.169739
239 0.640241 0.237428 -0.666288 -0.104218
5359 -0.691903 -0.173646 0.666249 0.119462
4609 -0.18326 -0.659319 0.474031 -0.0239556
5633 -0.497591 0.446755 0.601532 -0.0805228
5157 0.521572 -0.606309 0.436618 0.0859165
4270 -1.27955 0.248257 0.247769 -0.331142
5294 0.38648 0.504862 0.587399 0.0630546
5431 -0.01747 -0.401256 0.715825 -0.00593683
5705 0.353104 -0.2256 0.750349 -0.056435
2020 0.105477 -0.8074 -0.141181 -0.0157002
3181 -0.802904 -0.643561 0.0425356 -0.14355
2568 1.13916 0.19792 -0.4037 -0.257503
3592 -0.918114 -0.578252 0.103134 -0.174111
44 -0.0875096 0.0400602 -0.817551 -0.0184715
4277 -0.99022 0.519285 0.158913 -0.178961
5438 -0.16164 -0.53372 0.614359 0.0199306
5575 -0.201604 0.4061 0.696911 0.0318097
592 -0.712675 -0.483168 -0.481925 0.127889
2914 0.351936 0.748869 -0.225005 0.0561273
1140 -1.29343 -0.0822597 -0.334554 -0.296858
3188 -1.16632 -0.424792 0.0976637 -0.268185
2575 1.33994 0.0610656 -0.298216 0.365587
3599 -0.991725 -0.476307 0.267067 -0.204713
736 -0.654496 0.375271 -0.591473 -0.111425
1147 -1.16441 -0.142154 -0.414807 0.269968
260 0.0402926 -0.383031 -0.727943 0.0125123
2582 1.30486 0.232525 -0.231336 -0.336909
3606 -0.718561 -0.623194 0.271111 0.122272
4767 1.2892 0.125469 0.312801 -0.325049
945 0.182007 0.654405 -0.476423 0.0264881
2106 1.17734 0.393948 -0.154504 0.248835
1219 -0.160484 0.710776 -0.392502 -0.0214848
5178 0.513922 0.459728 0.583492 -0.0789024
3678 -0.463968 0.754816 0.0629082 -0.0664316
743 -0.753052 0.431981 -0.500482 0.140408
4702 0.815634 -0.443479 0.454727 -0.139665
4976 -0.90736 -0.291187 0.514085 -0.166241
267 0.285157 -0.426509 -0.678253 -0.0504624
2589 1.45895 0.0289508 -0.205662 0.392498
1839 -0.842144 0.60963 -0.123716 0.145462
1976 0.978448 -0.539895 -0.131353 0.193616
1226 0.975515 -0.130427 -0.540715 -0.191058
2798 0.296763 0.778398 -0.143821 0.0523266
