0 -0.0785272 -0.055382 -0.82987 -0.0150771
1435 0.932678 0.449367 -0.35215 -0.243732
3483 -1.51969 0.0638546 0.0186112 0.702649
1709 -0.394878 -0.779632 -0.132158 -0.0790526
1846 -0.569083 0.728052 -0.114371 -0.128461
4781 0.0606522 0.663425 0.495218 -0.0232143
4918 0.286361 0.651028 0.473198 0.0635074
209 0.540943 -0.0221276 -0.747846 -0.119034
5531 0.595512 -0.149259 0.713005 0.143257
4716 -0.645211 0.537661 0.460516 -0.14751
5740 -0.581137 0.203778 0.702535 -0.125471
894 -0.387106 0.359236 -0.704247 0.0874298
7 -0.113106 -0.219344 -0.8012 -0.0273928
144 0.267423 -0.279202 -0.764594 -0.0630264
1305 0.593693 -0.640221 -0.35431 0.136173
5401 -0.465537 -0.340403 0.690569 0.0953369
3627 1.49936 0.0259942 0.0851327 0.670943
1716 0.263088 -0.765818 -0.279427 -0.061484
5812 0.0604116 0.205752 0.802037 0.0124059
1990 1.19935 -0.374996 -0.115492 -0.357654
3425 0.721081 0.645519 0.20168 -0.177637
1514 0.501894 0.720157 -0.23425 -0.108504
288 -0.653629 0.103166 -0.701586 -0.1451
1449 1.16136 0.33756 -0.243752 0.351605
5408 -0.379996 -0.272209 0.741145 0.0813255
5819 0.212651 0.235883 0.782607 0.0362541
5069 -0.645235 0.459267 0.538794 -0.147319
3158 1.19103 0.391033 0.0277212 -0.34852
4867 0.580282 0.516384 0.516808 -0.134793
158 0.327879 -0.175044 -0.784208 -0.0609776
432 -0.534662 -0.0798549 -0.74744 -0.123434
3641 1.24575 -0.311074 0.159827 0.377572
5689 0.589823 0.0442883 0.728459 -0.134238
4939 -0.653817 -0.454994 0.541871 0.14574
3165 -0.543359 -0.748041 0.042089 0.119227
4189 0.538463 -0.749464 -0.020931 0.118569
5350 -0.82519 -0.125813 0.618862 -0.191583
4600 -0.252673 -0.715423 0.394238 0.046543
641 -1.1319 0.0972148 -0.430241 -0.339964
4874 0.928186 0.268245 0.503251 -0.242692
2963 -0.714563 0.667165 0.136547 0.170765
28 0.106435 -0.144637 -0.817957 -0.0209019
2076 -1.46765 0.0706175 -0.113163 -0.661431
5696 0.275289 -0.400973 0.703043 -0.0588522
4946 -0.742929 -0.50738 0.437009 -0.182931
5083 -1.04727 0.243282 0.434922 -0.298371
100 0.02021 0.177155 -0.813267 -0.0212014
1672 -1.17679 -0.291394 -0.290162 0.374816
3381 0.930093 0.502252 0.267041 -0.243127
5638 -0.474912 0.368801 0.670344 0.104609
2977 0.962385 -0.557874 -0.0245816 0.250064
5162 0.672873 -0.447669 0.537412 -0.155269
3525 -0.308481 -0.80624 0.0390574 -0.067467
4823 0.300301 -0.722844 0.361532 -0.067338
3049 1.36344 0.235511 -0.05199 -0.478732
5306 0.319384 0.366201 0.712114 0.0625779
3395 1.16344 0.353571 0.210128 0.355544
5443 -0.229934 -0.466811 0.672209 0.0437051
3193 -1.10757 -0.410311 0.211101 0.297989
4902 0.96116 -0.0724362 0.54937 -0.241051
3539 0.245976 -0.81695 -0.0010834 -0.0525383
3676 -0.580111 0.701983 0.204667 0.125652
4700 0.788254 -0.531717 0.372592 0.195707
128 -0.410371 0.0949494 -0.779245 0.0844609
402 0.358247 -0.627375 -0.493397 0.0822412
1700 -0.196317 -0.773809 -0.283824 0.0374653
5796 0.130027 -0.155775 0.810324 -0.0258339
950 -0.0181119 0.725558 -0.406259 0.00668605
5183 0.463145 0.319955 0.697853 0.105835
611 -0.960587 -0.313673 -0.461401 -0.255938
1159 -0.347901 -0.691252 -0.405726 -0.080493
4231 0.119824 -0.795007 0.231071 0.0238486
409 0.286536 -0.573669 -0.575369 -0.0594286
3481 -1.5189 0.0192123 0.064787 -0.699806
5803 0.295442 -0.147156 0.791164 -0.0689596
2118 0.820138 0.627107 -0.0716389 0.206382
3142 0.589251 0.727779 0.0437238 0.134003
344 -0.118768 -0.379194 -0.739693 0.0325274
4988 -0.478905 -0.639387 0.422377 -0.109857
3488 -1.45811 0.00441285 0.140859 0.614817
3625 1.35436 -0.0476753 0.245913 0.466446
1988 1.02489 -0.433291 -0.286251 -0.2631
1238 1.19209 -0.1089 -0.381699 -0.353838
351 -0.190606 -0.438518 -0.69869 -0.032568
3560 -0.450387 -0.729678 0.26517 -0.0903031
5334 -0.848438 -0.0185527 0.619258 0.208865
2810 -0.321467 0.795493 -0.0910034 0.0613927
4858 0.77468 0.51243 0.402022 0.183225
2060 -1.41875 -0.068592 -0.177918 -0.525195
4995 -0.241382 -0.606837 0.544521 0.0575309
5543 0.502513 -0.234648 0.721204 0.107667
3632 1.41259 0.0382958 0.183344 -0.58244
4930 -0.0755421 0.62165 0.547135 -0.0207089
5067 -0.781681 0.370519 0.533929 0.183808
3156 1.05238 0.492813 0.0231323 -0.293935
1519 -0.845996 -0.564552 -0.261469 -0.205598
5139 0.349703 -0.66712 0.438167 -0.078261
3639 1.34893 0.131097 0.215206 -0.468957
4663 0.50231 0.593097 0.467138 -0.104849
91 0.0437701 0.0858294 -0.827999 0.00299042
228 0.780996 0.153741 -0.634358 -0.195976
3163 1.23662 0.349349 -0.057745 0.406102
4187 0.693946 -0.692237 -0.0278695 -0.160442
300 -0.788444 0.04198 -0.650284 0.187554
3646 1.30099 -0.298117 0.050537 -0.459474
5831 0.333217 0.152066 0.78413 -0.0778905
2283 -0.77422 -0.655188 -0.0800886 -0.182693
3444 -1.46725 -0.113198 0.0733652 -0.662027
646 -1.10848 0.210105 -0.408732 -0.298961
1944 0.494975 -0.705278 -0.296618 0.111252
2081 -1.42827 0.153988 -0.0908348 -0.533437
170 -0.193334 -0.284936 -0.77326 0.0361628
4266 -1.36071 0.173649 0.172066 0.454478
4814 -0.0128974 -0.739052 0.383432 -0.00553235
2016 0.0460296 -0.830922 -0.0681951 0.00966876
4201 0.520136 -0.72991 0.196517 0.114526
2564 1.23 0.167698 -0.319749 0.366644
653 -1.02595 0.0376917 -0.515772 0.272684
4886 1.0335 0.196994 0.465366 -0.270956
5773 -0.139875 -0.226084 0.79343 0.029567
40 0.0327341 -0.231742 -0.801108 0.0074984
5160 0.532024 -0.527366 0.533629 0.114374
3523 -0.13872 -0.80736 0.189599 -0.0366397
1749 -1.3376 0.220301 -0.151931 0.49073
2910 0.0691294 0.760069 -0.328151 -0.0131755
2023 0.243217 -0.810326 -0.113536 -0.0458211
3047 0.332723 0.783462 0.151882 -0.0778226
249 0.270261 0.598112 -0.545725 0.0619069
1410 1.28813 -0.147453 -0.277824 -0.448049
3184 -1.2479 -0.347746 0.0367724 -0.391651
660 0.122813 -0.69576 -0.454755 -0.023454
5780 -0.320901 -0.0914408 0.796603 -0.0609888
2982 1.05021 -0.483999 0.129123 0.278825
2095 0.913357 0.51821 -0.264031 -0.228533
3393 1.03551 0.464107 0.195034 0.272982
595 -0.883865 -0.426242 -0.425256 -0.220719
1143 -1.10697 -0.250175 -0.389989 0.293589
3602 -0.866758 -0.572819 0.218542 0.213865
804 0.875424 -0.351663 -0.494166 0.223801
2102 0.962398 0.547383 -0.0732794 -0.242123
4972 -0.985597 -0.341105 0.419372 0.265476
1424 -0.430874 0.761351 -0.160015 0.0955079
4770 1.23161 -0.0547367 0.354912 0.403882
5794 0.0761701 -0.0704901 0.824671 0.0164059
198 0.300177 0.359784 -0.722381 0.0669777
4568 -0.490616 0.609281 0.454163 0.106487
746 -0.908243 0.376066 -0.447824 0.223237
4979 -0.938403 -0.184983 0.538968 -0.243474
3205 1.41476 -0.193587 0.0170232 0.52459
1294 -0.937744 0.538415 -0.184442 0.242911
1431 -0.23155 0.75592 -0.304398 -0.0570728
544 -0.433079 -0.623685 -0.468172 0.096356
2592 1.51749 0.0375781 -0.0579055 0.70071
1842 -0.681021 0.67373 -0.174595 0.156601
4640 -1.12362 -0.280233 0.350556 0.302433
1092 0.695091 -0.145946 -0.678075 -0.164974
3140 0.744056 0.666308 0.0302712 0.174017
342 0.413717 0.599067 -0.500915 -0.0896408
4712 -0.939752 0.440466 0.357884 0.231998
1777 -1.16205 0.37588 -0.183581 -0.359091
2801 -0.140647 0.792196 -0.226006 -0.0294905
140 0.351677 -0.338567 -0.724176 0.0694995
2599 1.44634 0.0781767 -0.133036 -0.634383
1712 0.347211 -0.724916 -0.340091 -0.0692756
2736 1.46505 -0.092075 -0.101518 0.64948
4784 0.2114 0.746484 0.331773 0.0554007
2123 0.595509 0.711753 -0.149524 -0.142964
3147 0.529775 0.747215 -0.0434938 -0.117378
4719 -0.744384 0.598809 0.294143 -0.177064
5267 0.815907 0.11415 0.622727 0.190729
284 -0.542518 0.0398054 -0.747489 0.118936
1308 0.758598 -0.592952 -0.301634 -0.177863
1445 1.02962 0.292453 -0.419533 0.272704
2606 1.37626 0.181116 -0.13832 -0.494823
5541 0.418817 -0.406709 0.667136 0.0849057
5339 -0.721342 0.0416408 0.678014 -0.167152
356 -0.103729 -0.519513 -0.65018 0.0239111
1517 -0.67331 -0.626165 -0.317285 0.158795
5750 -0.323736 0.255122 0.756784 -0.0592713
291 -0.605296 0.216131 -0.694575 -0.14285
5411 -0.23064 -0.304426 0.757345 -0.0567803
5685 0.744283 0.0310882 0.667134 0.173777
5822 0.150131 0.0283254 0.822249 0.0381332
4935 -0.199173 0.706365 0.413455 -0.0424292
5072 -0.989216 0.0397105 0.535213 0.270747
89 0.122511 0.0201164 -0.82884 -0.025481
3161 1.24916 0.31568 0.127303 0.408597
4596 -0.168017 -0.755358 0.337014 0.0364824
637 -1.24858 0.035565 -0.3463 0.392236
24 0.0478092 -0.0705183 -0.829844 -0.0101778
2072 -1.52917 0.0247432 -0.0513388 0.726589
3233 -0.0931215 0.824176 0.0520795 -0.0216632
3644 1.12372 -0.401783 0.193854 0.335464
709 -0.48182 0.580488 -0.496014 0.107798
5079 -0.824166 0.193992 0.599055 0.209655
4192 0.480628 -0.764677 0.0615105 -0.100078
1531 -0.960105 -0.462707 -0.312617 -0.255689
781 0.619379 -0.510446 -0.510613 0.138665
442 -0.632018 -0.139811 -0.705306 0.133901
4538 1.16669 -0.239896 0.337029 -0.354003
1740 -1.33008 0.089569 -0.260181 0.483374
5562 -0.35647 0.520081 0.598718 0.0767832
240 0.0630768 0.542103 -0.628506 -0.0148121
3449 -1.42922 -0.0919212 0.154048 0.535008
5360 -0.628863 -0.28897 0.657229 0.14523
5634 -0.592082 0.297448 0.664861 0.139198
5771 -0.203204 0.21398 0.788736 -0.0493817
2086 -1.41936 0.032547 -0.184628 0.537764
5569 -0.21118 0.495691 0.649034 -0.0455416
5713 0.0605226 0.495184 0.663717 -0.0230323
2778 0.02026 0.792927 -0.241767 0.00607318
3052 1.50439 0.0803103 0.0231673 0.67229
528 -0.433224 -0.468645 -0.623053 -0.0964326
1689 -1.32869 -0.249648 -0.126251 0.485853
802 0.807643 -0.192208 -0.612241 -0.191318
2987 1.20592 -0.386212 -0.00994808 -0.370732
4761 1.05058 0.0250148 0.494753 0.293797
189 -0.0118171 0.381684 -0.738538 0.00549498
326 0.901228 0.290672 -0.512316 0.226004
1213 -0.160501 0.622093 -0.540997 -0.0282116
600 -0.673906 -0.317749 -0.625231 0.158833
3535 0.121127 -0.829847 0.0224024 0.0250636
4696 0.640972 -0.617911 0.359455 0.151142
4833 -1.24175 -0.00661202 0.35139 -0.382258
124 -0.367161 0.205 -0.767935 -0.0838825
1285 -0.984699 0.418737 -0.340695 0.26535
4220 0.328248 -0.799788 0.0661483 -0.0713774
5518 0.774243 -0.264582 0.599478 0.18791
672 0.0519962 -0.647372 -0.526895 0.0171741
1696 -0.342884 -0.76435 -0.242526 0.0765094
3542 0.0187937 -0.813889 0.179587 -0.0215673
607 -0.888414 -0.142369 -0.581955 -0.222156
4703 0.907515 -0.509795 0.290822 -0.227066
2042 -0.11638 -0.801988 -0.217628 0.0278934
1429 -0.380238 0.740004 -0.271786 -0.0812187
3614 -1.32907 -0.261868 0.0910077 -0.483181
4573 -0.474458 0.669403 0.369876 -0.104848
3686 -0.323211 0.756153 0.255495 -0.0592282
888 -0.253263 0.392485 -0.714804 0.0466193
4984 -0.724716 -0.348468 0.581822 0.169974
138 -0.217826 0.244053 -0.782986 -0.0477199
1299 -0.723938 0.58084 -0.348287 -0.169964
412 -0.899344 0.101948 -0.584232 0.225697
4234 0.38562 -0.746865 0.259682 -0.0790108
4645 -1.07362 -0.135977 0.464157 0.288343
4919 0.319418 0.71169 0.366065 -0.0627226
5121 0.0632879 -0.629003 0.543646 0.0147063
2121 0.731067 0.653115 -0.164216 -0.167317
210 0.481772 0.0597824 -0.76353 0.0999699
347 -0.34768 -0.406132 -0.690655 -0.080494
1234 1.02619 -0.285264 -0.432342 0.265148
3145 0.483769 0.747144 0.14902 -0.106478
1782 -1.12153 0.350868 -0.28034 0.30046
2056 -1.4662 -0.0971519 -0.0966786 0.663559
4241 -1.23913 0.353007 -0.00513349 0.379605
5128 0.223172 -0.624274 0.529299 0.0436577
4789 0.0682524 0.724263 0.402633 -0.00121668
4926 -0.356307 0.597984 0.52086 0.0769487
80 0.28255 0.184106 -0.788619 -0.0649913
5820 0.381284 -0.0455186 0.787085 0.0855051
2272 -0.535688 -0.748081 -0.0780973 0.123345
772 0.526936 -0.456264 -0.599401 -0.120063
4868 0.71202 0.479484 0.480439 -0.164915
3231 -0.211789 0.810283 0.095894 -0.0376964
4529 0.936141 -0.351079 0.449527 0.243785
5690 0.484276 0.149325 0.747734 -0.10667
707 -0.241908 0.542978 -0.606408 -0.0575964
5827 0.28983 0.0446776 0.803822 -0.0573189
3029 0.381063 0.786113 -0.0456185 0.0854347
2279 -0.632125 -0.706229 -0.138625 -0.133959
3440 -1.5294 -0.0508579 0.0271802 -0.727117
1940 0.549268 -0.72226 -0.197839 -0.115119
5423 0.0524734 -0.486742 0.675112 -0.0182553
4536 1.05403 -0.338773 0.362208 -0.283465
3649 1.27493 -0.224954 0.230538 -0.431845
1738 -1.28771 0.193953 -0.249811 -0.401223
3173 -0.60513 -0.695134 0.21843 -0.142885
447 -0.774689 -0.0813364 -0.654053 -0.18292
584 -0.610057 -0.585167 -0.429571 0.136164
4680 0.995775 0.373718 0.374296 -0.262443
995 1.06845 0.0371188 -0.485782 -0.299613
4204 0.810788 -0.639114 0.0333628 0.190587
5639 -0.32879 0.353126 0.716784 -0.0696345
656 0.0363179 -0.739441 -0.388378 0.0146602
793 0.595617 -0.353685 -0.63938 -0.137271
1680 -1.32831 -0.127546 -0.248884 -0.48547
5163 0.414284 -0.501718 0.600117 -0.0892759
180 -0.0206451 0.478032 -0.679178 0.00438762
317 0.638306 0.358525 -0.618068 -0.150643
4687 1.13681 0.307244 0.306509 0.30645
4824 -1.10118 -0.0185443 0.460007 0.315464
4211 0.909484 -0.554843 0.190863 -0.226352
663 0.278295 -0.688544 -0.433396 -0.0652522
2985 1.07717 -0.481385 0.0346105 -0.303219
50 -0.13729 0.187114 -0.806866 0.0361886
324 0.799654 0.458718 -0.449422 -0.183835
3533 0.0424109 -0.828742 0.0885731 0.00272318
5444 -0.389427 -0.441106 0.655299 -0.0918301
2033 0.0295529 -0.802001 -0.23076 0.00656779
3057 1.42041 0.175304 0.0343663 -0.593265
259 0.349418 0.43633 -0.66687 0.0783615
4218 0.635588 -0.674614 0.241116 0.138686
533 -0.352441 -0.564302 -0.563528 -0.0712184
4766 1.1866 0.0310721 0.395095 -0.344734
4903 1.14654 -0.152949 0.400453 -0.320743
2105 1.01243 0.493491 -0.165386 0.282192
1218 -0.389834 0.653799 -0.440955 0.0917695
2040 -0.167728 -0.819027 -0.114447 -0.0308074
3201 -1.02488 -0.517278 0.0388913 0.272535
5523 0.730927 -0.163879 0.654515 -0.167018
3612 -1.28774 -0.251009 0.194295 0.401043
4636 -1.16385 -0.183989 0.375538 -0.358893
64 0.329594 0.064449 -0.798671 0.071171
2112 0.774257 0.59811 -0.264501 0.188017
338 0.671442 0.537003 -0.446791 0.155013
1773 -1.27321 0.3042 -0.119781 0.401882
2184 -1.2475 -0.342601 -0.0791871 -0.38134
3208 1.52571 -0.0415666 0.0434763 -0.72424
5256 0.780508 0.269488 0.590507 -0.179241
2732 1.39703 -0.0787928 -0.195669 -0.520478
1845 -0.628073 0.656426 -0.28844 -0.144606
4917 0.170742 0.624984 0.531491 -0.0340766
5804 -0.0650207 0.270503 0.782766 0.0123985
3691 0.0411075 0.821193 0.10541 -0.00820637
2804 -0.179927 0.810422 -0.124382 0.0372204
1167 -0.104631 -0.650271 -0.519453 0.0232428
2191 -1.10665 -0.391357 -0.248936 -0.293409
4239 -1.10083 0.459408 -0.0174132 -0.314713
2739 1.41178 -0.184065 -0.0772151 0.53887
3424 0.816524 0.621768 0.113119 0.190674
13 -0.297756 -0.0730511 -0.805377 0.065343
2198 -1.02794 -0.511182 -0.0821748 0.265012
3222 1.37753 -0.130945 0.184964 0.503704
1448 1.0451 0.364971 -0.342816 -0.277846
4657 0.695347 0.589201 0.352135 0.162159
698 -0.479115 0.420606 -0.638967 0.109995
5270 0.543422 0.224836 0.709751 -0.114949
85 0.385098 0.257859 -0.746353 0.0787999
5342 -0.717035 0.135751 0.666896 -0.171922
5753 -0.332596 0.0215964 0.79763 0.0794062
2955 -0.846711 0.619294 -0.018338 0.209165
4253 -1.17822 0.348273 0.202196 0.332806
431 -0.867569 0.216829 -0.571749 -0.214109
1729 0.323801 -0.785863 -0.174524 0.060832
5075 -0.969252 0.158145 0.526128 -0.23685
229 0.90314 0.190774 -0.557294 0.2239
2277 -0.572767 -0.696005 -0.255652 0.133098
3575 -0.218172 -0.783589 0.246092 0.048266
5760 -0.211937 0.0957101 0.811104 -0.0378434
164 -0.341177 -0.244088 -0.763682 -0.0771087
5421 -0.0169219 -0.553139 0.623281 -0.0063042
438 -0.572826 -0.256273 -0.695189 0.133416
4808 -0.0207885 -0.67961 0.479732 -0.00473222
1397 1.10424 -0.325917 -0.329932 0.335386
784 0.52588 -0.598691 -0.457784 0.119924
1945 0.692357 -0.67991 -0.145951 -0.164386
3243 -0.20284 0.788025 0.214217 0.0491843
4267 -1.39015 0.0689364 0.198779 0.533135
3517 -0.184619 -0.818786 0.0925265 0.0272073
4815 0.112326 -0.755655 0.341025 0.0165649
2904 0.274017 0.702149 -0.400259 0.0587579
993 1.04301 0.130375 -0.487146 -0.275289
5363 -0.569026 -0.115168 0.728977 -0.12844
1404 1.29145 -0.277379 -0.149245 0.440734
4887 1.16203 0.212345 0.353703 0.356418
178 -0.392963 -0.134445 -0.778924 -0.0777931
5572 -0.0755943 0.546857 0.622013 -0.0204914
4209 0.784839 -0.633469 0.154294 -0.197525
798 0.76259 -0.302217 -0.589774 0.18038
4894 0.914363 -0.263844 0.519149 0.228345
48 -0.183561 0.0897937 -0.818218 -0.0273059
5305 0.286154 0.473358 0.651258 -0.0632055
322 0.783678 0.372541 -0.53287 0.193941
5716 0.211546 0.331733 0.747018 0.0554993
2781 0.0757439 0.823648 -0.0704886 -0.0165215
120 -0.450976 0.262821 -0.729167 0.0907062
1418 -0.465499 0.689402 -0.339986 0.0956741
1692 -0.424337 -0.722574 -0.305492 -0.0871862
5788 0.0213379 -0.241977 0.794089 0.00644958
5175 0.55466 0.381291 0.633236 -0.124733
603 -0.846822 -0.26232 -0.563249 0.2057
2788 0.129325 0.809296 -0.155541 -0.0255954
5723 -0.0561532 0.371439 0.741086 0.00353281
1151 -1.02877 -0.0833093 -0.509726 -0.26535
264 0.127752 -0.454023 -0.695398 -0.0233571
1288 -0.889785 0.518498 -0.293372 -0.218563
538 -0.18002 -0.582784 -0.58262 0.0402304
1086 0.553227 -0.197532 -0.720472 0.115822
4569 -0.591471 0.66398 0.298666 0.138962
4843 -1.17793 0.202015 0.34903 -0.33263
884 -0.167798 0.335123 -0.754775 -0.0369128
2045 -0.299659 -0.80613 -0.0702758 -0.0653976
4230 0.282373 -0.789387 0.185966 0.064922
1230 1.06172 -0.174843 -0.461988 0.295998
3415 0.781729 0.589892 0.268189 0.179505
3689 -0.0649654 0.782057 0.270706 0.0125656
5737 -0.458912 0.177127 0.748018 0.110804
4 -0.165741 -0.117102 -0.818075 0.0306297
2052 -1.52833 -0.0418872 -0.0415647 -0.727112
3213 1.46212 -0.112534 0.0807386 -0.641054
1987 1.06437 -0.45904 -0.178269 0.299647
1511 0.52856 0.670962 -0.334431 0.118562
3696 0.0603139 0.801333 0.205714 0.0124911
5131 0.270694 -0.546165 0.599533 -0.0617997
148 0.111704 -0.306275 -0.77243 0.0195534
4244 -1.27481 0.313147 0.073901 -0.442988
422 -0.970758 0.265462 -0.481779 0.263721
5268 0.720593 0.202862 0.646071 0.17692
2744 1.53162 -0.0306288 -0.0445419 -0.74824
5405 -0.430799 -0.160746 0.762316 -0.0957411
220 0.809137 0.0329307 -0.639009 0.189458
3566 -0.411371 -0.779701 0.0973614 0.0844468
3703 0.212275 0.781963 0.235856 0.0360472
2816 -0.0726022 0.825505 -0.0550905 -0.0112702
5001 -0.481855 -0.496199 0.582008 -0.107559
1316 0.8723 -0.49829 -0.349479 -0.2232
429 -0.708337 0.269825 -0.630789 -0.160288
703 -0.404301 0.518196 -0.587093 -0.0826475
4936 -0.645836 -0.600499 0.379761 0.147979
5347 -0.585571 -0.00558876 0.732129 0.127773
1525 -0.887548 -0.583351 -0.1413 0.221777
775 0.800894 -0.457315 -0.454984 -0.194158
1936 0.462217 -0.761943 -0.13641 0.107387
2960 -0.719269 0.678168 0.04206 -0.16551
4871 0.77423 0.401596 0.513417 0.182381
5693 0.234817 -0.325213 0.74677 0.0508515
984 0.956725 -0.0232925 -0.560582 0.24573
3032 0.149838 0.821356 0.0281315 -0.0379215
3169 -0.653692 -0.702271 0.105311 0.144886
4604 -0.386253 -0.704856 0.361163 -0.0873284
2967 -0.585467 0.731258 -0.00488967 -0.128302
5426 0.180205 -0.484496 0.665711 -0.0361098
580 -0.610308 -0.429949 -0.58452 -0.136137
4676 0.916983 0.458189 0.349922 -0.229267
1676 -1.28427 -0.228116 -0.226952 -0.395864
4885 0.981134 0.109526 0.529279 0.259893
4272 -0.987265 0.53539 0.0403243 0.269843
4683 0.915682 0.35007 0.459374 0.229068
998 1.19811 -0.00487969 -0.39119 0.359699
248 0.22312 0.527678 -0.623851 -0.0434269
1409 1.23582 -0.254049 -0.255703 -0.375146
3457 -1.42016 -0.184713 0.034356 0.537692
5779 -0.179332 -0.124563 0.811516 0.0370142
4279 -0.822441 0.599039 0.194713 -0.209797
3392 0.982593 0.527996 0.10762 -0.260479
5303 0.170664 0.531537 0.625112 -0.0341557
392 0.135767 -0.586449 -0.587507 0.0296333
5786 -0.0719767 -0.0551708 0.826523 -0.0110363
4899 1.01211 -0.164591 0.495254 0.282238
940 -0.01775 0.621823 -0.552755 0.00635651
5173 0.694852 0.352799 0.589571 0.161975
190 0.113335 0.339301 -0.755038 -0.0167554
1214 -0.230907 0.670622 -0.466624 0.0439042
4286 -1.04743 0.433762 0.244495 0.298985
3673 -0.457951 0.747475 0.177641 0.110496
738 -0.653351 0.540505 -0.454891 -0.14548
4834 -1.27689 0.073837 0.311432 0.445992
2036 -0.0801455 -0.830806 -0.0529309 0.0152026
5447 -0.156688 -0.398324 0.723679 -0.0288905
5721 0.0681745 0.402537 0.724768 -0.00131853
3608 -1.18386 -0.314926 0.252797 0.378103
4632 -1.27714 -0.120251 0.301809 -0.402991
4906 0.377685 0.597032 0.512774 0.0817734
947 0.051617 0.67377 -0.486374 0.0180443
60 -0.307307 0.0366828 -0.805648 0.0672633
1084 0.466554 -0.136678 -0.760017 -0.10823
334 0.513715 0.440539 -0.614461 0.112753
3067 1.35173 0.213789 0.128193 0.469408
1156 -0.121743 -0.740137 -0.37898 0.0330019
406 0.361727 -0.490802 -0.628544 -0.0829663
5526 0.820093 -0.0709868 0.628303 -0.206724
1091 0.498806 -0.295262 -0.704244 0.11183
204 0.695873 -0.0287489 -0.69054 0.160953
341 0.530875 0.532841 -0.526632 -0.113704
1502 0.665366 0.607552 -0.34999 0.151228
4574 -0.328358 0.716084 0.353731 -0.0697263
1163 -0.191875 -0.699356 -0.437915 -0.0327515
276 0.0554307 -0.526076 -0.647626 0.0191974
3485 -1.45653 0.142108 0.00398593 -0.615676
3622 -1.34079 -0.152577 0.218325 -0.493181
5533 0.665798 -0.350718 0.608434 -0.150997
5807 0.0412793 0.105583 0.821987 -0.00837606
1509 0.417479 0.666639 -0.405515 -0.0844856
4718 -0.781966 0.532613 0.371706 0.184189
5742 -0.459039 0.0618709 0.766495 0.0899876
896 -0.182879 0.478637 -0.668839 -0.033143
4992 -0.404035 -0.587474 0.519762 0.0825821
2194 -1.13294 -0.421033 -0.138662 0.343678
5540 0.529483 -0.335405 0.671671 -0.119505
1718 0.107676 -0.773126 -0.306355 0.0191117
4790 -0.0561511 0.740466 0.371708 0.00357666
5064 -0.939444 0.356766 0.441828 0.231739
81 0.120861 0.229274 -0.794279 -0.0242197
218 0.519595 0.194546 -0.729324 -0.114755
3427 0.543131 0.709425 0.224129 -0.11453
3564 -0.366961 -0.768476 0.207323 -0.0838095
1790 -1.07318 0.463666 -0.135005 -0.288673
2064 -1.42018 -0.177638 -0.0669429 0.527425
3225 -0.33281 0.796683 0.0221027 0.0795081
1314 0.80297 -0.615659 -0.192055 0.189303
4660 0.554715 0.632968 0.380881 0.125756
4934 -0.210964 0.648387 0.496298 0.045265
5071 -0.74442 0.292883 0.599951 -0.1769
160 -0.423684 -0.30596 -0.722081 0.086842
4256 -1.38822 0.201467 0.0677301 -0.52906
4667 0.463148 0.697565 0.319384 -0.106103
1732 -1.1828 0.252839 -0.314421 -0.377297
5691 0.530218 -0.0431664 0.748119 0.117374
95 0.24797 -0.00283884 -0.815657 0.052772
5763 -0.0928859 0.0520647 0.825084 0.0215661
30 0.245861 -0.115012 -0.808893 0.0466713
3513 -0.0882149 -0.830456 0.0447098 0.0239522
4537 1.04025 -0.41454 0.289745 0.27754
5698 0.0701933 -0.328378 0.761303 0.0133884
2900 0.233291 0.745945 -0.324527 -0.0503241
3037 0.289493 0.802995 0.0444608 0.0571408
4948 -0.90881 -0.448093 0.377167 -0.223708
239 0.633712 0.239622 -0.674578 -0.137945
5359 -0.681549 -0.175199 0.674466 0.156815
4609 -0.182672 -0.669316 0.480211 -0.0331206
5633 -0.490803 0.452985 0.610299 -0.106799
5157 0.514966 -0.614657 0.441914 0.112768
4270 -1.23422 0.253033 0.252739 -0.412081
5294 0.377556 0.51281 0.597213 0.0816703
5431 -0.0170674 -0.406383 0.726977 -0.0066736
5705 0.351377 -0.230193 0.760397 -0.0748356
2020 0.10438 -0.819156 -0.142843 -0.0207466
3181 -0.788116 -0.65127 0.0436607 -0.187659
2568 1.11309 0.197462 -0.406832 -0.330447
3592 -0.898385 -0.585529 0.103516 -0.225139
44 -0.0867956 0.04178 -0.829742 -0.0234927
4277 -0.967701 0.526139 0.158888 -0.23609
5438 -0.159708 -0.541267 0.623677 0.0281048
5575 -0.19939 0.41292 0.707055 0.0423673
592 -0.706503 -0.487089 -0.486394 0.167752
2914 0.350087 0.75963 -0.229603 0.0743774
1140 -1.24742 -0.0804111 -0.341714 -0.380882
3188 -1.13028 -0.432273 0.0983635 -0.338883
2575 1.28958 0.0586122 -0.30547 0.452748
3599 -0.970549 -0.482607 0.266655 -0.263714
736 -0.646024 0.377885 -0.600101 -0.147989
1147 -1.13356 -0.139762 -0.419608 0.344018
260 0.0404308 -0.388135 -0.738955 0.0153009
2582 1.26279 0.235276 -0.233386 -0.422937
3606 -0.707927 -0.631424 0.271806 0.16011
4767 1.24569 0.130934 0.317958 -0.405695
945 0.179584 0.664485 -0.483998 0.0361522
2106 1.14801 0.397237 -0.154441 0.323912
1219 -0.157885 0.72214 -0.398266 -0.0292501
5178 0.5023 0.466988 0.593452 -0.104552
3678 -0.4586 0.765746 0.062572 -0.0897191
743 -0.742741 0.435492 -0.507105 0.182953
4702 0.803096 -0.448768 0.458834 -0.185106
4976 -0.890614 -0.293867 0.519165 -0.218753
267 0.283279 -0.431528 -0.688455 -0.0661043
2589 1.39246 0.023252 -0.213824 0.498032
1839 -0.824846 0.618061 -0.125512 0.191551
1976 0.956155 -0.546746 -0.131918 0.251026
1226 0.956013 -0.131234 -0.546279 -0.248837
2798 0.294991 0.790123 -0.147 0.0690546
