0 -0.075388 -0.0553056 -0.843947 0.999259
1435 0.903902 0.460123 -0.358091 0.966285
3483 -1.42527 0.0727928 0.0215598 0.992464
1709 -0.382093 -0.79354 -0.133862 0.991862
1846 -0.550189 0.742204 -0.11828 0.984428
4781 0.0562045 0.675228 0.50333 0.999235
4918 0.269664 0.664004 0.482131 0.995486
209 0.525676 -0.0209596 -0.761789 0.985252
5531 0.578633 -0.150757 0.726843 0.983604
4716 -0.61765 0.550402 0.471293 0.981193
5740 -0.559304 0.206614 0.717554 0.98492
894 -0.372675 0.36649 -0.717189 0.992403
7 -0.107982 -0.222361 -0.814993 0.998889
144 0.26003 -0.282183 -0.778572 0.995845
1305 0.573753 -0.653901 -0.359969 0.983375
5401 -0.451776 -0.347715 0.702098 0.989161
3627 1.41518 0.0231119 0.0884198 0.990762
1716 0.255264 -0.77971 -0.282635 0.995998
5812 0.05739 0.206031 0.81656 0.999161
1990 1.14704 -0.389818 -0.120107 0.964389
3425 0.68985 0.66255 0.207976 0.976829
1514 0.487815 0.734082 -0.237822 0.987904
288 -0.630314 0.106342 -0.716225 0.98023
1449 1.11963 0.346898 -0.24761 0.963611
5408 -0.369447 -0.278716 0.753187 0.992474
5819 0.203018 0.237168 0.797621 0.997182
5069 -0.617758 0.470067 0.551437 0.981185
3158 1.14476 0.40209 0.0344464 0.964412
4867 0.549952 0.529691 0.530158 0.984366
158 0.31843 -0.175879 -0.798665 0.993968
432 -0.515928 -0.0799381 -0.762094 0.985868
3641 1.19091 -0.323863 0.16522 0.966215
5689 0.569191 0.0457136 0.743661 0.983709
4939 -0.634181 -0.463769 0.551752 0.97998
3165 -0.525117 -0.762212 0.0436214 0.985407
4189 0.522528 -0.763454 -0.0202588 0.985426
5350 -0.794417 -0.127875 0.633833 0.971341
4600 -0.243673 -0.727425 0.401931 0.996457
641 -1.08527 0.100224 -0.444457 0.962921
4874 0.887446 0.278256 0.520244 0.967284
2963 -0.687425 0.682964 0.13804 0.978706
28 0.105016 -0.145519 -0.832027 0.998871
2076 -1.38498 0.078388 -0.11909 0.98663
5696 0.267915 -0.407647 0.715403 0.995477
4946 -0.720274 -0.517802 0.444395 0.975514
5083 -1.00527 0.250453 0.448176 0.962468
100 0.0185593 0.182515 -0.826635 0.999259
1672 -1.1336 -0.296902 -0.296418 0.963125
3381 0.889107 0.519253 0.277392 0.967212
5638 -0.45505 0.375731 0.684403 0.989027
2977 0.928725 -0.571481 -0.0258239 0.966012
5162 0.653743 -0.454811 0.548737 0.978577
3525 -0.299334 -0.820071 0.0398178 0.994686
4823 0.293842 -0.734408 0.368758 0.994511
3049 1.29729 0.246683 -0.0533625 0.974798
5306 0.30228 0.372161 0.726627 0.994529
3395 1.11162 0.367988 0.222202 0.963293
5443 -0.220958 -0.475733 0.683481 0.996911
3193 -1.06514 -0.422007 0.215245 0.963606
4902 0.931552 -0.0698225 0.561127 0.966093
3539 0.238846 -0.831024 0.000662039 0.996413
3676 -0.558075 0.717269 0.207422 0.984987
4700 0.765328 -0.541482 0.380402 0.972604
128 -0.396621 0.097369 -0.793434 0.991303
402 0.345506 -0.639604 -0.501551 0.993396
1700 -0.1898 -0.787028 -0.288274 0.997651
5796 0.125811 -0.160592 0.823902 0.998535
950 -0.0165908 0.738148 -0.413235 0.999506
5183 0.439926 0.325868 0.713704 0.989203
611 -0.929788 -0.317529 -0.471588 0.966242
1159 -0.334187 -0.704252 -0.412358 0.993777
4231 0.115142 -0.807877 0.23666 0.998379
409 0.278288 -0.583898 -0.5852 0.995585
3481 -1.42477 0.022428 0.0734102 0.99233
5803 0.287212 -0.150891 0.804924 0.995223
2118 0.795847 0.640434 -0.0696694 0.971792
3142 0.568474 0.743254 0.0451032 0.983735
344 -0.112815 -0.385188 -0.752496 0.998751
4988 -0.462956 -0.651506 0.429867 0.988509
3488 -1.37429 0.00658656 0.154546 0.983573
3625 1.2919 -0.0502871 0.254351 0.974014
1988 0.986843 -0.445732 -0.293087 0.965105
1238 1.14075 -0.113831 -0.396572 0.963769
351 -0.181396 -0.445735 -0.71117 0.997682
3560 -0.434544 -0.743154 0.270297 0.98993
5334 -0.814944 -0.0189775 0.635327 0.970984
2810 -0.312538 0.809246 -0.0953787 0.994397
4858 0.738284 0.527965 0.414598 0.974153
2060 -1.34599 -0.0680097 -0.186808 0.979645
4995 -0.232722 -0.617062 0.554416 0.996493
5543 0.488593 -0.23819 0.734778 0.98789
3632 1.3452 0.0366266 0.188328 0.980427
4930 -0.0729656 0.632572 0.556195 0.999114
5067 -0.750315 0.380048 0.547213 0.974555
3156 1.0154 0.505233 0.0292463 0.963461
1519 -0.818846 -0.576749 -0.264308 0.97073
5139 0.34222 -0.677767 0.446458 0.992954
3639 1.2876 0.137493 0.222488 0.973253
4663 0.475228 0.607371 0.478125 0.987868
91 0.0428089 0.0894167 -0.841874 0.999358
228 0.759326 0.15656 -0.646442 0.973167
3163 1.18731 0.360159 -0.0549756 0.966099
4187 0.672396 -0.706144 -0.0282038 0.978131
300 -0.75924 0.0448454 -0.665399 0.973113
3646 1.23791 -0.314008 0.0517655 0.968613
5831 0.31919 0.152619 0.799448 0.994272
2283 -0.746868 -0.669689 -0.0795794 0.97352
3444 -1.38439 -0.119256 0.0809506 0.98654
646 -1.06515 0.21461 -0.421217 0.963639
1944 0.477522 -0.719765 -0.300613 0.988041
2081 -1.34961 0.167123 -0.0941839 0.980649
170 -0.185784 -0.289165 -0.786817 0.997719
4266 -1.29032 0.184146 0.182572 0.972777
4814 -0.0127426 -0.750578 0.391237 0.999099
2016 0.0454678 -0.844816 -0.0683971 0.999449
4201 0.507172 -0.742322 0.201116 0.986462
2564 1.18163 0.171045 -0.329125 0.96561
653 -0.985461 0.0399984 -0.530783 0.963518
4886 0.990353 0.206416 0.480941 0.964047
5773 -0.137105 -0.231786 0.80628 0.998349
40 0.0334718 -0.234582 -0.814896 0.99938
5160 0.517618 -0.535961 0.54418 0.98569
3523 -0.135644 -0.820597 0.193755 0.998475
1749 -1.27339 0.231839 -0.156024 0.971675
2910 0.0675517 0.773165 -0.334105 0.998991
2023 0.23668 -0.824444 -0.113895 0.99644
3047 0.318488 0.798986 0.152497 0.994288
249 0.263044 0.609229 -0.554733 0.99565
1410 1.22672 -0.155856 -0.29212 0.967583
3184 -1.1911 -0.362158 0.0389578 0.965468
660 0.120648 -0.707966 -0.461622 0.998666
5780 -0.311805 -0.0959114 0.810154 0.994415
2982 1.01203 -0.497088 0.130944 0.963516
2095 0.88589 0.529981 -0.267493 0.967745
3393 0.992057 0.479735 0.204983 0.963986
595 -0.856689 -0.433796 -0.433413 0.96951
1143 -1.06811 -0.25296 -0.399335 0.963046
3602 -0.83706 -0.58615 0.221725 0.970145
804 0.84612 -0.35892 -0.505971 0.970134
2102 0.932357 0.559638 -0.0706065 0.966104
4972 -0.952284 -0.348601 0.428064 0.965161
1424 -0.419054 0.774529 -0.165143 0.990489
4770 1.18416 -0.0528902 0.364157 0.965811
5794 0.0728295 -0.0745991 0.838602 0.999143
198 0.293504 0.367442 -0.734116 0.994533
4568 -0.469258 0.622303 0.463383 0.988248
746 -0.878478 0.382888 -0.458095 0.968593
4979 -0.904571 -0.188496 0.552157 0.966241
3205 1.33439 -0.211944 0.0171845 0.978551
1294 -0.904048 0.551651 -0.188478 0.966272
1431 -0.224857 0.768477 -0.311221 0.996959
544 -0.416406 -0.63578 -0.476406 0.99047
2592 1.42594 0.0404564 -0.0632858 0.9927
1842 -0.658585 0.687453 -0.178189 0.978626
4640 -1.08183 -0.28651 0.359325 0.963297
1092 0.672492 -0.148156 -0.692493 0.978223
3140 0.719117 0.681083 0.0336219 0.975601
342 0.40236 0.610654 -0.509285 0.990972
4712 -0.902327 0.4527 0.36816 0.966744
1777 -1.11424 0.388657 -0.188423 0.963137
2801 -0.137916 0.805389 -0.23151 0.998344
140 0.340657 -0.342651 -0.738168 0.993386
2599 1.36852 0.0817851 -0.142491 0.983578
1712 0.335294 -0.73897 -0.344447 0.993594
2736 1.38015 -0.105446 -0.109228 0.9852
4784 0.200442 0.760961 0.335902 0.997111
2123 0.578466 0.725921 -0.151111 0.9836
3147 0.513454 0.761865 -0.0440442 0.98676
4719 -0.715015 0.613308 0.301123 0.977111
5267 0.785194 0.119792 0.638253 0.971642
284 -0.523739 0.0417541 -0.762064 0.985484
1308 0.733594 -0.60645 -0.306644 0.975604
1445 0.997781 0.299096 -0.427103 0.963025
2606 1.30808 0.190686 -0.145561 0.975863
5541 0.407151 -0.413419 0.679529 0.990821
5339 -0.694337 0.0414036 0.69355 0.977574
356 -0.0957887 -0.528229 -0.661618 0.998856
1517 -0.651381 -0.639039 -0.321933 0.979096
5750 -0.311164 0.257711 0.771332 0.994247
291 -0.583731 0.220858 -0.708762 0.982998
5411 -0.224014 -0.311361 0.769539 0.996975
5685 0.719503 0.0344248 0.681603 0.975581
5822 0.144487 0.025758 0.836671 0.998605
4935 -0.190179 0.719669 0.419519 0.997271
5072 -0.949262 0.0405328 0.551186 0.965174
89 0.119706 0.0224558 -0.842899 0.998878
3161 1.19428 0.327596 0.137934 0.965425
4596 -0.16343 -0.767514 0.34411 0.998061
637 -1.19122 0.0381697 -0.361343 0.965388
24 0.0478437 -0.0702169 -0.843945 0.999437
2072 -1.43381 0.0315328 -0.0535269 0.994255
3233 -0.0912129 0.838591 0.0500225 0.999106
3644 1.08192 -0.41302 0.197971 0.962353
709 -0.466496 0.591325 -0.505303 0.988224
5079 -0.792622 0.198551 0.613932 0.973202
4192 0.467362 -0.778164 0.0641451 0.988065
1531 -0.929558 -0.472251 -0.317092 0.966262
781 0.599213 -0.520879 -0.520516 0.982128
442 -0.609787 -0.14051 -0.720076 0.981059
4538 1.12332 -0.245079 0.346299 0.96353
1740 -1.26591 0.0936815 -0.272965 0.970805
5562 -0.340775 0.529864 0.610242 0.993157
240 0.0625015 0.552592 -0.638251 0.999123
3449 -1.35066 -0.0951232 0.166986 0.98065
5360 -0.610417 -0.294455 0.669184 0.981332
5634 -0.568049 0.303442 0.679729 0.984522
5771 -0.196289 0.214905 0.80312 0.997306
2086 -1.34447 0.0358419 -0.195284 0.979742
5569 -0.201943 0.503931 0.660904 0.997141
5713 0.0560746 0.503208 0.675527 0.999233
2778 0.0194701 0.806291 -0.247233 0.999233
3052 1.41803 0.0849967 0.0207055 0.991274
528 -0.41649 -0.476564 -0.635442 0.99047
1689 -1.26862 -0.258611 -0.12795 0.970474
802 0.780444 -0.195516 -0.62641 0.972921
2987 1.15348 -0.401276 -0.0121353 0.964681
4761 1.01417 0.0307674 0.506694 0.963449
189 -0.011637 0.389916 -0.75018 0.999108
326 0.874774 0.297286 -0.521949 0.967033
1213 -0.153689 0.633669 -0.549812 0.998112
600 -0.651672 -0.321768 -0.638638 0.979066
3535 0.117882 -0.843719 0.0242132 0.998901
4696 0.624281 -0.628648 0.366391 0.980225
4833 -1.18227 -0.00687807 0.368615 0.965362
124 -0.354182 0.209478 -0.781706 0.992983
1285 -0.951097 0.427724 -0.348612 0.965217
4220 0.318759 -0.813479 0.0692485 0.994026
5518 0.752041 -0.267541 0.612127 0.974075
672 0.0535436 -0.658458 -0.535457 0.999284
1696 -0.33136 -0.777926 -0.246245 0.993883
3542 0.0169685 -0.8271 0.184328 0.999255
607 -0.8569 -0.1418 -0.596241 0.968434
4703 0.879118 -0.520203 0.297243 0.96688
2042 -0.112401 -0.81549 -0.220855 0.998833
1429 -0.369481 0.752413 -0.278281 0.99248
3614 -1.2653 -0.274068 0.0948846 0.970853
4573 -0.454383 0.683608 0.37681 0.989065
3686 -0.310631 0.77087 0.258053 0.994274
888 -0.243799 0.400669 -0.72691 0.996454
4984 -0.70253 -0.354848 0.593005 0.976153
138 -0.211344 0.249571 -0.796174 0.99706
1299 -0.701483 0.592349 -0.354942 0.976219
412 -0.865525 0.105156 -0.599124 0.968141
4234 0.376306 -0.759086 0.265612 0.992051
4645 -1.02953 -0.139448 0.479029 0.962968
4919 0.302109 0.726265 0.372222 0.994544
5121 0.0625612 -0.638717 0.553685 0.999124
2121 0.710217 0.666661 -0.165255 0.976766
210 0.469105 0.0630659 -0.777002 0.987979
347 -0.333781 -0.412433 -0.703939 0.993794
1234 0.988369 -0.29212 -0.444765 0.964681
3145 0.463351 0.763228 0.151145 0.988487
1782 -1.07967 0.359806 -0.287137 0.963268
2056 -1.38763 -0.099852 -0.0991675 0.986415
4241 -1.18008 0.370351 -0.00536756 0.965267
5128 0.218157 -0.634093 0.539077 0.996815
4789 0.0645229 0.737579 0.408065 0.999202
4926 -0.340497 0.609626 0.530585 0.993173
80 0.274805 0.189704 -0.801812 0.995569
5820 0.368937 -0.0476441 0.801547 0.992819
2272 -0.517574 -0.762263 -0.0786008 0.985783
772 0.509041 -0.464406 -0.611617 0.986593
4868 0.677528 0.493333 0.494433 0.977555
3231 -0.205821 0.824789 0.0945768 0.997252
4529 0.906551 -0.357259 0.460156 0.966132
5690 0.464024 0.151371 0.763617 0.988466
707 -0.232709 0.553464 -0.616584 0.996498
5827 0.279193 0.0430122 0.818593 0.995594
3029 0.368493 0.800878 -0.0476907 0.992826
2279 -0.61052 -0.720458 -0.139807 0.981022
3440 -1.43368 -0.0534163 0.0337619 0.994187
1940 0.531123 -0.736779 -0.20026 0.985436
5423 0.0519847 -0.494669 0.686739 0.999415
4536 1.01841 -0.34569 0.371069 0.963061
3649 1.21895 -0.233836 0.23926 0.967322
1738 -1.2302 0.200944 -0.258612 0.96872
3173 -0.584096 -0.709006 0.22264 0.982978
447 -0.746523 -0.0803148 -0.669221 0.973559
584 -0.589921 -0.596759 -0.437158 0.982571
4680 0.951081 0.387907 0.388833 0.965179
995 1.03038 0.0366813 -0.498596 0.963176
4204 0.78514 -0.652606 0.0333489 0.972165
5639 -0.314774 0.358421 0.730809 0.994073
656 0.0366362 -0.752184 -0.394241 0.999289
793 0.575995 -0.359457 -0.652975 0.983358
1680 -1.26827 -0.128582 -0.258404 0.970379
5163 0.402963 -0.509907 0.611398 0.990944
180 -0.0186296 0.487719 -0.689709 0.999017
317 0.622097 0.365783 -0.628793 0.980338
4687 1.08419 0.32121 0.321022 0.963794
4824 -1.0537 -0.019317 0.476564 0.962258
4211 0.880623 -0.566841 0.194171 0.96707
663 0.269359 -0.701527 -0.439724 0.99575
2985 1.03658 -0.4952 0.0342928 0.963445
50 -0.133845 0.191984 -0.820256 0.998504
324 0.776567 0.469109 -0.457058 0.971952
3533 0.0410604 -0.842442 0.0914732 0.99936
5444 -0.376765 -0.449733 0.666498 0.992193
2033 0.0295156 -0.815547 -0.233952 0.999387
3057 1.34982 0.182323 0.0336995 0.981088
259 0.341801 0.445 -0.677699 0.992985
4218 0.619034 -0.686607 0.245754 0.980582
533 -0.337418 -0.574639 -0.573959 0.993274
4766 1.14185 0.036981 0.405093 0.964251
4903 1.10519 -0.154703 0.410841 0.963612
2105 0.980508 0.504826 -0.166093 0.964737
1218 -0.376784 0.665443 -0.449596 0.992202
2040 -0.162674 -0.832784 -0.116034 0.998142
3201 -0.985472 -0.531453 0.0406943 0.963497
5523 0.710144 -0.16477 0.667765 0.976777
3612 -1.23068 -0.259023 0.20121 0.968759
4636 -1.11586 -0.18843 0.388281 0.963169
64 0.320511 0.0681074 -0.812477 0.993963
2112 0.752108 0.61102 -0.267593 0.974086
338 0.652493 0.548554 -0.45409 0.978667
1773 -1.21315 0.319564 -0.122448 0.966844
2184 -1.19244 -0.355544 -0.0796004 0.965162
3208 1.43031 -0.0517646 0.045822 0.993179
5256 0.745815 0.278007 0.607449 0.973625
2732 1.32389 -0.0868147 -0.208248 0.977027
1845 -0.609358 0.668714 -0.294112 0.981393
4917 0.159679 0.636349 0.541077 0.998085
5804 -0.062645 0.272293 0.797091 0.999072
3691 0.0384733 0.835885 0.10408 0.999266
2804 -0.176024 0.824044 -0.128805 0.997772
1167 -0.096891 -0.661672 -0.528103 0.998843
2191 -1.06814 -0.399927 -0.25235 0.963073
4239 -1.05354 0.476007 -0.0186471 0.962314
2739 1.33243 -0.201145 -0.0839438 0.978318
3424 0.785592 0.63754 0.118954 0.971619
13 -0.287919 -0.0735587 -0.819523 0.995035
2198 -0.989641 -0.524702 -0.0811836 0.963357
3222 1.30855 -0.140857 0.193996 0.975607
1448 1.01205 0.373377 -0.348639 0.963107
4657 0.661942 0.605754 0.362216 0.978402
698 -0.462556 0.428689 -0.651248 0.988528
5270 0.518827 0.229288 0.726179 0.985522
85 0.375655 0.264335 -0.758724 0.992081
5342 -0.690286 0.137439 0.682261 0.978577
5753 -0.322138 0.0186049 0.811792 0.994036
2955 -0.813286 0.635567 -0.0193055 0.971052
4253 -1.12635 0.362132 0.209172 0.96191
431 -0.836986 0.220534 -0.585669 0.970168
1729 0.313722 -0.800201 -0.175821 0.994142
5075 -0.930992 0.162025 0.541079 0.966389
229 0.876662 0.194298 -0.568298 0.967132
2277 -0.553003 -0.709962 -0.259123 0.984292
3575 -0.212059 -0.796588 0.2511 0.997049
5760 -0.205854 0.0943474 0.825435 0.997244
164 -0.328897 -0.247548 -0.777649 0.99396
5421 -0.0153005 -0.561992 0.634248 0.999488
438 -0.552621 -0.259208 -0.709652 0.984298
4808 -0.0190141 -0.69013 0.488905 0.999014
1397 1.06079 -0.336078 -0.340091 0.962978
784 0.507672 -0.611184 -0.465631 0.986573
1945 0.66941 -0.69429 -0.148453 0.97848
3243 -0.195969 0.802567 0.215181 0.997321
4267 -1.31592 0.0746083 0.212811 0.975269
3517 -0.179225 -0.832492 0.0945244 0.997845
4815 0.108976 -0.767603 0.348193 0.998495
2904 0.266608 0.714884 -0.406929 0.995515
993 1.00795 0.13229 -0.498725 0.963377
5363 -0.550036 -0.119032 0.742934 0.984424
1404 1.22952 -0.291752 -0.157335 0.968088
4887 1.11042 0.223691 0.368463 0.963323
178 -0.379345 -0.135915 -0.793222 0.991963
5572 -0.073076 0.555917 0.63292 0.999113
4209 0.761586 -0.646078 0.156692 0.973152
798 0.737218 -0.307608 -0.603241 0.975446
4894 0.886526 -0.267367 0.530756 0.967686
48 -0.177446 0.0925551 -0.832118 0.997883
5305 0.269599 0.482149 0.664243 0.995479
322 0.761704 0.380552 -0.542453 0.972782
5716 0.200727 0.335689 0.761412 0.9971
2781 0.0722081 0.837854 -0.0744146 0.999142
120 -0.434717 0.268379 -0.742873 0.989933
1418 -0.451389 0.701349 -0.34734 0.989186
1692 -0.409324 -0.736154 -0.310301 0.991074
5788 0.020653 -0.247677 0.807094 0.999229
5175 0.526878 0.390279 0.648879 0.98518
603 -0.819214 -0.264555 -0.576082 0.970703
2788 0.124957 0.823189 -0.160174 0.998542
5723 -0.0532823 0.375643 0.754746 0.999193
1151 -0.989552 -0.0817975 -0.524078 0.963366
264 0.126602 -0.461183 -0.707318 0.998543
1288 -0.8604 0.529699 -0.299428 0.968366
538 -0.169103 -0.593002 -0.592904 0.997772
1086 0.53545 -0.199649 -0.735117 0.985226
4569 -0.567277 0.67906 0.304568 0.98456
4843 -1.12585 0.209312 0.362966 0.961927
884 -0.163003 0.342651 -0.767063 0.998061
2045 -0.290805 -0.819936 -0.0710693 0.994939
4230 0.274649 -0.802401 0.191015 0.99557
1230 1.02168 -0.179112 -0.475617 0.963416
3415 0.746678 0.607014 0.276946 0.973603
3689 -0.0626788 0.796523 0.272546 0.999075
5737 -0.442695 0.178193 0.76275 0.989599
4 -0.15967 -0.118387 -0.832126 0.998203
2052 -1.43494 -0.0428556 -0.0420802 0.994136
3213 1.37698 -0.12882 0.0853755 0.984437
1987 1.02364 -0.472815 -0.18226 0.963954
1511 0.513504 0.684409 -0.339596 0.986326
3696 0.0571561 0.816039 0.205999 0.999165
5131 0.263517 -0.555039 0.610296 0.995635
148 0.109962 -0.31031 -0.785918 0.998727
4244 -1.21307 0.329467 0.0775157 0.966473
422 -0.936808 0.269762 -0.494088 0.966263
5268 0.689685 0.208997 0.662872 0.976827
2744 1.43543 -0.0391902 -0.0476536 0.994175
5405 -0.419042 -0.165933 0.775204 0.990484
220 0.784867 0.0334274 -0.652044 0.971995
3566 -0.398165 -0.793623 0.0992476 0.991233
3703 0.202482 0.797142 0.237218 0.997195
2816 -0.0713862 0.83961 -0.0587687 0.999261
5001 -0.467057 -0.505394 0.592331 0.988191
1316 0.84337 -0.510095 -0.356394 0.970255
429 -0.684119 0.274739 -0.644481 0.977909
703 -0.390364 0.528068 -0.597868 0.991308
4936 -0.625431 -0.612751 0.385769 0.980944
5347 -0.564765 -0.00797099 0.746987 0.983769
1525 -0.856816 -0.596903 -0.141272 0.968424
775 0.77507 -0.467242 -0.464605 0.97358
1936 0.447353 -0.776475 -0.137281 0.989133
2960 -0.69208 0.69404 0.041599 0.977686
4871 0.738115 0.413893 0.529 0.974071
5693 0.228973 -0.330869 0.759666 0.996497
984 0.924631 -0.0244426 -0.573771 0.965758
3032 0.14396 0.836026 0.0256112 0.998609
3169 -0.630977 -0.716476 0.108016 0.980188
4604 -0.372374 -0.717617 0.367918 0.99241
2967 -0.564756 0.746264 -0.00725627 0.983792
5426 0.175207 -0.492339 0.677396 0.997871
580 -0.590073 -0.436959 -0.596585 0.982548
4676 0.875555 0.474203 0.362421 0.967904
1676 -1.23188 -0.232265 -0.231895 0.967839
4885 0.944231 0.116961 0.543526 0.965203
4272 -0.947211 0.551657 0.0405866 0.96529
4683 0.874397 0.362228 0.475576 0.967945
998 1.14748 -0.00741463 -0.405774 0.964115
248 0.218019 0.53779 -0.633838 0.996823
1409 1.18007 -0.265094 -0.266491 0.965527
3457 -1.34466 -0.195613 0.0374584 0.979857
5779 -0.175301 -0.129119 0.824877 0.99778
4279 -0.790635 0.614275 0.199031 0.973292
3392 0.945371 0.542485 0.115515 0.965167
5303 0.159659 0.540984 0.63655 0.998084
392 0.135037 -0.596312 -0.597207 0.998557
5786 -0.0705249 -0.0590169 0.840392 0.999267
4899 0.980258 -0.165422 0.506211 0.964696
940 -0.0158746 0.633342 -0.561456 0.999488
5173 0.661909 0.362708 0.605931 0.978296
190 0.109748 0.346867 -0.767165 0.998499
1214 -0.221632 0.682392 -0.47539 0.9969
4286 -1.00541 0.447219 0.251459 0.962511
3673 -0.441565 0.762435 0.178708 0.989662
738 -0.633225 0.550866 -0.463878 0.980034
4834 -1.21458 0.0774611 0.327878 0.966649
2036 -0.0777083 -0.844642 -0.0533957 0.99924
5447 -0.150535 -0.40636 0.735434 0.998379
5721 0.0644617 0.407901 0.738005 0.9992
3608 -1.13688 -0.323532 0.25957 0.96406
4632 -1.21653 -0.122863 0.317136 0.967047
4906 0.355921 0.609887 0.523475 0.992745
947 0.0512046 0.685851 -0.494194 0.999419
60 -0.297385 0.0380333 -0.819765 0.994759
1084 0.452329 -0.137138 -0.774609 0.988899
334 0.500967 0.449433 -0.624751 0.986594
3067 1.28936 0.221304 0.135574 0.973401
1156 -0.116564 -0.752784 -0.385082 0.998716
406 0.350281 -0.499004 -0.640381 0.993228
5526 0.795924 -0.068996 0.641311 0.971785
1091 0.482178 -0.298858 -0.718768 0.987836
204 0.674938 -0.0285892 -0.704349 0.977882
341 0.516501 0.543648 -0.535442 0.985754
1502 0.646046 0.620607 -0.355222 0.979342
4574 -0.314248 0.730251 0.359009 0.994104
1163 -0.182987 -0.71178 -0.44511 0.997652
276 0.0579171 -0.534753 -0.658567 0.9992
3485 -1.37279 0.156137 0.00612733 0.983548
3622 -1.2763 -0.156435 0.229819 0.971874
5533 0.646402 -0.355793 0.621237 0.979312
5807 0.0388557 0.104228 0.836465 0.999261
1509 0.40581 0.679362 -0.412305 0.99087
4718 -0.750513 0.545955 0.381275 0.974561
5742 -0.444105 0.0596443 0.780895 0.98945
896 -0.176026 0.488263 -0.679686 0.997768
4992 -0.390675 -0.598182 0.529071 0.99129
2194 -1.09025 -0.432223 -0.139478 0.962475
5540 0.514465 -0.340455 0.684811 0.986301
1718 0.105317 -0.786485 -0.310529 0.998777
4790 -0.053272 0.754244 0.375928 0.999195
5064 -0.90202 0.367128 0.453955 0.966746
81 0.116054 0.235337 -0.807333 0.998379
218 0.506927 0.199794 -0.741754 0.986462
3427 0.518252 0.726067 0.228686 0.985564
3564 -0.354472 -0.782035 0.2113 0.992966
1790 -1.02931 0.478527 -0.138948 0.962991
2064 -1.34664 -0.186769 -0.0668177 0.979784
3225 -0.322508 0.811011 0.0192116 0.994032
1314 0.775651 -0.629825 -0.195482 0.973314
4660 0.526461 0.648802 0.390019 0.985306
4934 -0.201554 0.660348 0.504522 0.997157
5071 -0.7152 0.299898 0.614287 0.97709
160 -0.408314 -0.310269 -0.736096 0.991103
4256 -1.31458 0.21542 0.0733704 0.975048
4667 0.439599 0.71358 0.325459 0.989242
1732 -1.1354 0.259818 -0.32375 0.96402
5691 0.514101 -0.0436946 0.762446 0.98674
95 0.241391 -0.000599064 -0.829859 0.99633
5763 -0.0907446 0.0499333 0.839312 0.99911
30 0.239906 -0.114943 -0.823142 0.996341
3513 -0.0857316 -0.844215 0.0462752 0.999195
4537 1.00506 -0.423603 0.29678 0.962991
5698 0.0686904 -0.33447 0.774023 0.998983
2900 0.227349 0.759211 -0.33011 0.996539
3037 0.278649 0.818025 0.0428092 0.995601
4948 -0.879559 -0.457914 0.383563 0.968541
239 0.617831 0.244778 -0.686433 0.980625
5359 -0.659082 -0.178556 0.688003 0.978586
4609 -0.176301 -0.680193 0.489225 0.99776
5633 -0.469644 0.462206 0.623184 0.988224
5157 0.502235 -0.624767 0.450459 0.986519
4270 -1.17676 0.264286 0.264047 0.964023
5294 0.355875 0.523397 0.610114 0.99274
5431 -0.0155892 -0.413577 0.739104 0.999508
5705 0.342337 -0.234375 0.773759 0.99343
2020 0.102419 -0.833016 -0.144132 0.998905
3181 -0.759782 -0.665759 0.0460214 0.973062
2568 1.07537 0.201093 -0.416076 0.962145
3592 -0.86556 -0.599724 0.106207 0.968105
44 -0.0836991 0.0440443 -0.843698 0.999216
4277 -0.929214 0.541441 0.162482 0.966509
5438 -0.153297 -0.550274 0.634659 0.998112
5575 -0.190536 0.418963 0.720252 0.997254
592 -0.684517 -0.496013 -0.495854 0.977453
2914 0.340863 0.773363 -0.233713 0.993471
1140 -1.19206 -0.0802418 -0.355258 0.965058
3188 -1.08474 -0.445588 0.100958 0.962919
2575 1.23131 0.0581459 -0.318952 0.967781
3599 -0.937375 -0.494298 0.270499 0.966224
736 -0.624985 0.384459 -0.612652 0.980969
1147 -1.09019 -0.139984 -0.431666 0.962439
260 0.0414767 -0.394112 -0.751694 0.999269
2582 1.21163 0.24257 -0.239122 0.966994
3606 -0.684401 -0.644714 0.276163 0.977892
4767 1.19198 0.14045 0.329448 0.965281
945 0.174606 0.67654 -0.491883 0.997881
2106 1.10611 0.40849 -0.155662 0.963781
1219 -0.151613 0.734361 -0.406075 0.998363
5178 0.475508 0.477821 0.607673 0.987766
3678 -0.443591 0.780354 0.0604708 0.989489
743 -0.719523 0.44338 -0.517847 0.975558
4702 0.779407 -0.456451 0.469026 0.971786
4976 -0.861348 -0.299569 0.530148 0.968306
267 0.275715 -0.437848 -0.701138 0.995543
2589 1.32175 0.0207703 -0.225878 0.97688
1839 -0.794358 0.63304 -0.128069 0.971357
1976 0.922222 -0.560554 -0.134405 0.966813
1226 0.922653 -0.133819 -0.559993 0.966344
2798 0.286552 0.804214 -0.150648 0.995233
