0 -0.077438 -0.0554338 -0.83596 0.99916
1435 0.921484 0.453231 -0.354436 0.961266
3483 -1.47701 0.0676562 0.0194784 0.991197
1709 -0.390424 -0.785371 -0.132983 0.990725
1846 -0.561911 0.733879 -0.115726 0.982238
4781 0.0589871 0.66841 0.498895 0.999093
4918 0.279989 0.656506 0.477016 0.99468
209 0.535247 -0.0218901 -0.753594 0.983237
5531 0.589567 -0.150005 0.718477 0.981217
4716 -0.634983 0.54264 0.464765 0.978219
5740 -0.573103 0.205045 0.708509 0.98264
894 -0.38183 0.362004 -0.709816 0.991264
7 -0.111165 -0.220725 -0.807147 0.998735
144 0.264785 -0.280628 -0.77051 0.995252
1305 0.586354 -0.64573 -0.356562 0.980878
5401 -0.460392 -0.343207 0.695469 0.987709
3627 1.46201 0.023681 0.0860118 0.988673
1716 0.260188 -0.771683 -0.280997 0.995417
5812 0.0594132 0.206544 0.808133 0.999037
1990 1.17626 -0.381293 -0.117405 0.958464
3425 0.709008 0.652256 0.204233 0.973121
1514 0.496907 0.725813 -0.235959 0.986175
288 -0.644818 0.104343 -0.707451 0.97735
1449 1.14403 0.34075 -0.245131 0.957647
5408 -0.376077 -0.274595 0.746338 0.991505
5819 0.209215 0.236817 0.788899 0.996713
5069 -0.635059 0.463481 0.543755 0.97821
3158 1.17163 0.394954 0.0306986 0.95832
4867 0.568659 0.521741 0.522237 0.981727
158 0.324488 -0.175632 -0.790295 0.993126
432 -0.527804 -0.0799663 -0.75338 0.983846
3641 1.2211 -0.316939 0.161902 0.960551
5689 0.582351 0.0447801 0.734514 0.98122
4939 -0.646384 -0.458447 0.545847 0.977196
3165 -0.536777 -0.753745 0.0426279 0.983324
4189 0.532322 -0.75528 -0.0208938 0.983418
5350 -0.813063 -0.126501 0.62468 0.967049
4600 -0.249591 -0.720652 0.397274 0.995926
641 -1.11192 0.0984157 -0.435959 0.956764
4874 0.911874 0.272099 0.509861 0.961995
2963 -0.704243 0.673371 0.137134 0.975483
28 0.105934 -0.145199 -0.824033 0.998728
2076 -1.43008 0.074215 -0.116036 0.984034
5696 0.272647 -0.40393 0.708251 0.994844
4946 -0.734271 -0.511512 0.439792 0.972056
5083 -1.03034 0.245841 0.439746 0.95648
100 0.0193003 0.179188 -0.819142 0.999161
1672 -1.15855 -0.293306 -0.292429 0.956791
3381 0.913702 0.508821 0.271106 0.961904
5638 -0.467745 0.371735 0.67599 0.987268
2977 0.948546 -0.56318 -0.025194 0.960846
5162 0.665612 -0.450714 0.541784 0.975571
3525 -0.305458 -0.812041 0.0392408 0.99395
4823 0.297633 -0.727943 0.364422 0.993832
3049 1.33411 0.239854 -0.052705 0.970295
5306 0.312957 0.36873 0.71823 0.993589
3395 1.14158 0.359038 0.215005 0.957169
5443 -0.226472 -0.470444 0.677159 0.996471
3193 -1.08947 -0.415036 0.212556 0.957587
4902 0.94983 -0.0712704 0.553485 0.960821
3539 0.243266 -0.822995 -0.00063162 0.995926
3676 -0.571915 0.708115 0.2059 0.982718
4700 0.779172 -0.535719 0.375512 0.968695
128 -0.40552 0.0957218 -0.785169 0.990057
402 0.353762 -0.63246 -0.496823 0.992313
1700 -0.194082 -0.779462 -0.285763 0.997334
5796 0.128542 -0.15746 0.81626 0.998316
950 -0.0175471 0.731129 -0.40914 0.999433
5183 0.45433 0.322397 0.704408 0.987406
611 -0.948629 -0.314759 -0.465082 0.961135
1159 -0.343192 -0.696663 -0.408444 0.992844
4231 0.117649 -0.800672 0.233173 0.99817
409 0.283692 -0.577978 -0.579559 0.994879
3481 -1.47638 0.0201763 0.0684357 0.991031
5803 0.29262 -0.148646 0.797014 0.994531
2118 0.811188 0.632088 -0.0707716 0.967561
3142 0.58167 0.733996 0.0442309 0.981251
344 -0.116637 -0.381768 -0.745211 0.998572
4988 -0.473046 -0.644446 0.425348 0.986865
3488 -1.42028 0.00495297 0.146777 0.980777
3625 1.32678 -0.0491441 0.249055 0.969133
1988 1.00914 -0.43813 -0.288813 0.959546
1238 1.16988 -0.111131 -0.38764 0.95774
351 -0.187418 -0.441565 -0.70403 0.997322
3560 -0.444649 -0.735288 0.2671 0.988449
5334 -0.835215 -0.0187099 0.62545 0.966527
2810 -0.31814 0.80141 -0.0923107 0.993684
4858 0.760522 0.518508 0.406993 0.969907
2060 -1.38616 -0.0682969 -0.181807 0.975551
4995 -0.238242 -0.611231 0.548695 0.99598
5543 0.497633 -0.236316 0.726668 0.986164
3632 1.38319 0.0366737 0.184815 0.976368
4930 -0.0746791 0.626251 0.551197 0.998954
5067 -0.76983 0.374152 0.538941 0.970614
3156 1.03764 0.497189 0.0257439 0.957584
1519 -0.835683 -0.569119 -0.262278 0.966443
5139 0.3467 -0.671798 0.441554 0.992072
3639 1.32265 0.133208 0.21753 0.968119
4663 0.491934 0.59894 0.471668 0.985786
91 0.0432993 0.0872172 -0.834048 0.999268
228 0.772766 0.154533 -0.639103 0.969342
3163 1.21557 0.353279 -0.0563886 0.96019
4187 0.685472 -0.697885 -0.0281398 0.975047
300 -0.777021 0.0431503 -0.656204 0.969135
3646 1.27203 -0.305606 0.051099 0.963254
5831 0.328196 0.152438 0.790526 0.993351
2283 -0.763641 -0.660826 -0.0797408 0.969645
3444 -1.42953 -0.116226 0.076833 0.983948
646 -1.09005 0.211735 -0.413767 0.957623
1944 0.488544 -0.711217 -0.298331 0.986231
2081 -1.39256 0.159862 -0.0926698 0.977189
170 -0.190565 -0.286792 -0.779073 0.9974
4266 -1.32983 0.177715 0.176157 0.968075
4814 -0.0133349 -0.744188 0.386512 0.998992
2016 0.0457092 -0.836935 -0.0683263 0.999381
4201 0.515089 -0.735181 0.198293 0.9847
2564 1.20912 0.168647 -0.323507 0.959764
653 -1.00915 0.0386605 -0.521615 0.957747
4886 1.01596 0.200685 0.471229 0.958196
5773 -0.138877 -0.228 0.799123 0.998164
40 0.0330363 -0.233078 -0.807064 0.999296
5160 0.526491 -0.53111 0.537847 0.983732
3523 -0.138095 -0.81308 0.191244 0.998262
1749 -1.30894 0.225153 -0.153932 0.966581
2910 0.0685432 0.765849 -0.330554 0.99885
2023 0.240741 -0.816361 -0.113961 0.995958
3047 0.327577 0.789969 0.152324 0.993366
249 0.267461 0.602765 -0.549782 0.995058
1410 1.2606 -0.15141 -0.283947 0.961924
3184 -1.22277 -0.353857 0.0377086 0.959517
660 0.121975 -0.700992 -0.457792 0.998463
5780 -0.317518 -0.0927578 0.802402 0.993699
2982 1.0338 -0.489433 0.12967 0.957785
2095 0.902807 0.522479 -0.265352 0.962926
3393 1.01787 0.46996 0.199007 0.95812
595 -0.873608 -0.42887 -0.428179 0.964987
1143 -1.091 -0.25087 -0.393388 0.957034
3602 -0.854947 -0.578046 0.219566 0.96567
804 0.864054 -0.354304 -0.498657 0.96556
2102 0.950812 0.551777 -0.0720644 0.960841
4972 -0.972018 -0.344005 0.422553 0.959789
1424 -0.426491 0.766963 -0.161801 0.989257
4770 1.21156 -0.0538868 0.358009 0.959791
5794 0.0749755 -0.071675 0.830749 0.999008
198 0.297546 0.3628 -0.727589 0.993845
4568 -0.482904 0.614492 0.457971 0.986342
746 -0.89638 0.378499 -0.451872 0.963877
4979 -0.924779 -0.18629 0.543986 0.9611
3205 1.37751 -0.202446 0.0171637 0.975017
1294 -0.924094 0.543523 -0.186007 0.961142
1431 -0.229044 0.761467 -0.306981 0.996576
544 -0.427334 -0.628627 -0.471509 0.989049
2592 1.47596 0.0383857 -0.0606381 0.99138
1842 -0.67243 0.679259 -0.175872 0.975593
4640 -1.10594 -0.282745 0.353797 0.957256
1092 0.686448 -0.146926 -0.683802 0.975067
3140 0.734821 0.671999 0.031663 0.971883
342 0.409454 0.603789 -0.504689 0.989724
4712 -0.925085 0.444947 0.36169 0.961554
1777 -1.14153 0.380899 -0.18565 0.957051
2801 -0.139691 0.798048 -0.227902 0.998158
140 0.34781 -0.340351 -0.73002 0.992396
2599 1.41114 0.0793529 -0.137459 0.980543
1712 0.342907 -0.730767 -0.342048 0.992605
2736 1.42597 -0.0987327 -0.105028 0.982655
4784 0.207378 0.752563 0.333809 0.996614
2123 0.589458 0.717408 -0.150325 0.981211
3147 0.523998 0.753168 -0.0438433 0.984799
4719 -0.733344 0.604356 0.296845 0.973577
5267 0.804138 0.116416 0.628638 0.96721
284 -0.535642 0.040474 -0.753426 0.9834
1308 0.749015 -0.598246 -0.303526 0.971973
1445 1.01698 0.294602 -0.42228 0.957285
2606 1.34582 0.184885 -0.141689 0.971569
5541 0.414575 -0.409746 0.672178 0.98954
5339 -0.711009 0.0416175 0.684085 0.974209
356 -0.101023 -0.523252 -0.655114 0.998658
1517 -0.665376 -0.63117 -0.318943 0.976087
5750 -0.319193 0.256681 0.762734 0.993359
291 -0.597213 0.217842 -0.700361 0.980499
5411 -0.22813 -0.306976 0.762736 0.996595
5685 0.735163 0.0324384 0.672643 0.971855
5822 0.148165 0.0277565 0.828442 0.998382
4935 -0.19592 0.711806 0.416427 0.996816
5072 -0.97302 0.0398957 0.541274 0.959651
89 0.121436 0.0208945 -0.83495 0.998733
3161 1.22554 0.320153 0.131848 0.95939
4596 -0.166796 -0.760698 0.339753 0.997775
637 -1.22335 0.0367256 -0.352594 0.959429
24 0.0477995 -0.0705126 -0.835959 0.999369
2072 -1.48593 0.0277695 -0.0525678 0.993196
3233 -0.0923675 0.830376 0.052009 0.999
3644 1.10569 -0.406499 0.195195 0.956277
709 -0.476054 0.58502 -0.499861 0.986591
5079 -0.812157 0.195668 0.60464 0.969094
4192 0.475519 -0.77037 0.0623786 0.98647
1531 -0.948228 -0.4661 -0.314007 0.961164
781 0.612092 -0.514557 -0.514535 0.979425
442 -0.623757 -0.139993 -0.711184 0.978324
4538 1.14857 -0.241983 0.340092 0.957496
1740 -1.30133 0.0913758 -0.265848 0.965455
5562 -0.350945 0.524167 0.603471 0.992023
240 0.0627603 0.546472 -0.632927 0.999009
3449 -1.39356 -0.0937045 0.159794 0.977168
5360 -0.621954 -0.290994 0.66209 0.978768
5634 -0.583271 0.299895 0.670737 0.982095
5771 -0.200696 0.215064 0.794698 0.996915
2086 -1.38563 0.0340404 -0.189417 0.975837
5569 -0.207957 0.499365 0.653948 0.996658
5713 0.0588487 0.498782 0.668721 0.999092
2778 0.0199638 0.798859 -0.24376 0.999131
3052 1.46608 0.0815913 0.0212616 0.989459
528 -0.42745 -0.471811 -0.628158 0.989046
1689 -1.30202 -0.25347 -0.126899 0.964853
802 0.79708 -0.193461 -0.61775 0.968894
2987 1.18252 -0.392781 -0.0109228 0.958868
4761 1.03613 0.0274291 0.498877 0.957566
189 -0.0121214 0.384902 -0.743787 0.999002
326 0.890971 0.29292 -0.515997 0.962153
1213 -0.157932 0.627079 -0.544823 0.997834
600 -0.665868 -0.319087 -0.6305 0.976045
3535 0.119806 -0.83586 0.023027 0.998756
4696 0.634414 -0.622441 0.362128 0.977538
4833 -1.21586 -0.00699241 0.358312 0.959623
124 -0.362535 0.206605 -0.773779 0.991953
1285 -0.970998 0.422077 -0.34379 0.959853
4220 0.324633 -0.805655 0.0671833 0.993231
5518 0.765991 -0.265799 0.604245 0.970302
672 0.0524725 -0.652162 -0.530627 0.999167
1696 -0.338839 -0.770013 -0.244137 0.993025
3542 0.0176951 -0.819663 0.181447 0.999155
607 -0.876065 -0.141804 -0.587404 0.963705
4703 0.895967 -0.513966 0.29317 0.961944
2042 -0.115021 -0.807807 -0.219055 0.998681
1429 -0.376219 0.74537 -0.274227 0.991508
3614 -1.3004 -0.267358 0.092669 0.965495
4573 -0.467135 0.675123 0.372848 0.987311
3686 -0.318594 0.762211 0.257041 0.993396
888 -0.249944 0.395683 -0.720144 0.995918
4984 -0.716233 -0.350864 0.586255 0.972806
138 -0.215772 0.246065 -0.788736 0.996631
1299 -0.715275 0.585449 -0.350881 0.972879
412 -0.885745 0.103169 -0.590043 0.963266
4234 0.38192 -0.752165 0.262013 0.991049
4645 -1.05513 -0.137433 0.469895 0.957084
4919 0.312895 0.717825 0.368735 0.993599
5121 0.0628623 -0.633332 0.547866 0.999012
2121 0.723497 0.658326 -0.164686 0.973342
210 0.477072 0.0609048 -0.769186 0.98638
347 -0.342865 -0.408682 -0.696219 0.992859
1234 1.01064 -0.287808 -0.437136 0.959046
3145 0.476227 0.753743 0.149893 0.986659
1782 -1.10384 0.354215 -0.283055 0.957235
2056 -1.43086 -0.0984111 -0.0977785 0.983452
4241 -1.21341 0.360035 -0.00551897 0.959515
5128 0.221108 -0.628639 0.533377 0.996409
4789 0.0668984 0.729817 0.405354 0.99906
4926 -0.35072 0.602761 0.524962 0.992039
80 0.27956 0.186198 -0.79437 0.99499
5820 0.376958 -0.0464232 0.793116 0.991746
2272 -0.529158 -0.753769 -0.0783744 0.983764
772 0.520563 -0.459518 -0.604356 0.984519
4868 0.698684 0.484934 0.486016 0.973852
3231 -0.209579 0.816434 0.0961045 0.996887
4529 0.924455 -0.353514 0.453361 0.961069
5690 0.476833 0.150109 0.754221 0.986635
707 -0.238522 0.547362 -0.610864 0.995978
5827 0.28607 0.0441952 0.810056 0.994905
3029 0.376583 0.792319 -0.0465054 0.991752
2279 -0.62414 -0.711839 -0.139038 0.9783
3440 -1.48593 -0.0523378 0.0300826 0.993145
1940 0.542403 -0.728197 -0.198968 0.983321
5423 0.0522933 -0.490129 0.68019 0.999325
4536 1.03951 -0.341487 0.365221 0.957291
3649 1.25019 -0.229052 0.233769 0.961686
1738 -1.26216 0.196842 -0.253728 0.963043
3173 -0.597269 -0.700723 0.219997 0.980493
447 -0.763799 -0.0807453 -0.659984 0.969662
584 -0.60295 -0.589707 -0.432498 0.980056
4680 0.977682 0.379145 0.379931 0.959511
995 1.05279 0.0366376 -0.490592 0.957358
4204 0.800486 -0.644519 0.0331963 0.968133
5639 -0.323754 0.355644 0.722495 0.993112
656 0.0363184 -0.744923 -0.39099 0.999185
793 0.588446 -0.355957 -0.64485 0.980861
1680 -1.30176 -0.127845 -0.252898 0.964745
5163 0.409981 -0.505352 0.604731 0.989702
180 -0.0200703 0.481973 -0.683946 0.998891
317 0.632239 0.361212 -0.622558 0.977656
4687 1.11461 0.312671 0.312247 0.957793
4824 -1.08122 -0.0190387 0.466413 0.956157
4211 0.897656 -0.55964 0.191968 0.962135
663 0.275099 -0.694012 -0.436154 0.995073
2985 1.0597 -0.487048 0.0343551 0.957674
50 -0.136387 0.188961 -0.812707 0.998293
324 0.790889 0.462556 -0.452513 0.967932
3533 0.0416865 -0.834691 0.0897756 0.99927
5444 -0.384636 -0.444543 0.660123 0.991117
2033 0.0294447 -0.80785 -0.232217 0.999305
3057 1.38954 0.177528 0.0334247 0.977348
259 0.34648 0.439825 -0.671674 0.992093
4218 0.629049 -0.679642 0.242861 0.977964
533 -0.347301 -0.568576 -0.567867 0.992246
4766 1.16796 0.0336115 0.39849 0.958108
4903 1.12951 -0.153636 0.403942 0.957599
2105 0.999855 0.497498 -0.16554 0.959232
1218 -0.384865 0.658808 -0.444497 0.99112
2040 -0.166012 -0.824934 -0.11517 0.9979
3201 -1.00848 -0.522802 0.0396092 0.957745
5523 0.723398 -0.164277 0.659564 0.973353
3612 -1.26237 -0.254613 0.19712 0.96306
4636 -1.14328 -0.185888 0.380487 0.957079
64 0.32625 0.0656958 -0.804582 0.993162
2112 0.766073 0.602996 -0.265791 0.970315
338 0.6644 0.541417 -0.449931 0.975666
1773 -1.24677 0.310506 -0.121081 0.961229
2184 -1.22331 -0.347966 -0.0792515 0.959126
3208 1.48199 -0.0468638 0.0444493 0.992066
5256 0.766934 0.272828 0.597186 0.969365
2732 1.36384 -0.0829015 -0.201248 0.972853
1845 -0.620972 0.661475 -0.290605 0.978836
4917 0.166561 0.629836 0.535631 0.997729
5804 -0.0640971 0.271951 0.788711 0.998928
3691 0.0402264 0.827471 0.105571 0.999156
2804 -0.178515 0.816397 -0.125657 0.997517
1167 -0.102035 -0.655173 -0.523183 0.998644
2191 -1.0908 -0.394424 -0.249952 0.957069
4239 -1.08087 0.465917 -0.0181341 0.956225
2739 1.37513 -0.192256 -0.0802392 0.974679
3424 0.80466 0.627808 0.115522 0.967183
13 -0.294235 -0.0734403 -0.811371 0.994349
2198 -1.01219 -0.516335 -0.0815455 0.957668
3222 1.34635 -0.135963 0.188664 0.97113
1448 1.03193 0.367765 -0.344936 0.957373
4657 0.682412 0.595785 0.356189 0.974844
698 -0.472996 0.423771 -0.644173 0.98687
5270 0.534141 0.226626 0.716422 0.983188
85 0.381467 0.260366 -0.751729 0.991068
5342 -0.706938 0.136407 0.672872 0.975339
5753 -0.328734 0.0209464 0.803584 0.993225
2955 -0.833456 0.625635 -0.0187351 0.966611
4253 -1.15637 0.353562 0.20466 0.955624
431 -0.855429 0.21805 -0.577242 0.965668
1729 0.320056 -0.791902 -0.17534 0.993311
5075 -0.954033 0.159485 0.531678 0.961087
229 0.892902 0.191769 -0.561443 0.962234
2277 -0.565665 -0.70156 -0.25697 0.982016
3575 -0.216356 -0.789198 0.247959 0.99662
5760 -0.209719 0.0959073 0.817142 0.996874
164 -0.336733 -0.24559 -0.769541 0.993099
5421 -0.0163629 -0.556982 0.628022 0.999409
438 -0.565535 -0.257318 -0.701002 0.982012
4808 -0.0203957 -0.684296 0.483496 0.998889
1397 1.08578 -0.329948 -0.333915 0.956869
784 0.519379 -0.603728 -0.460948 0.984493
1945 0.683405 -0.685703 -0.147054 0.975359
3243 -0.200305 0.79408 0.215329 0.996935
4267 -1.35725 0.0709997 0.204495 0.971015
3517 -0.182951 -0.824643 0.0933361 0.997546
4815 0.110612 -0.760969 0.343837 0.998317
2904 0.271303 0.707536 -0.403268 0.994887
993 1.02871 0.130722 -0.491518 0.957644
5363 -0.561847 -0.116495 0.734676 0.982225
1404 1.26339 -0.283928 -0.152786 0.962512
4887 1.14025 0.216836 0.359385 0.957207
178 -0.388063 -0.135197 -0.78487 0.990826
5572 -0.074764 0.550884 0.62663 0.998953
4209 0.775496 -0.638594 0.155043 0.969311
798 0.752916 -0.304229 -0.595037 0.971757
4894 0.903613 -0.265212 0.523321 0.962846
48 -0.181483 0.0908175 -0.824205 0.997585
5305 0.279844 0.47707 0.65676 0.994679
322 0.775327 0.375408 -0.53673 0.968906
5716 0.207587 0.333641 0.753064 0.996606
2781 0.0744422 0.829876 -0.0716255 0.999007
120 -0.445052 0.264857 -0.734947 0.988444
1418 -0.46018 0.694501 -0.342885 0.987731
1692 -0.419098 -0.728132 -0.30746 0.98978
5788 0.0211481 -0.24401 0.799845 0.999126
5175 0.543995 0.384925 0.639628 0.982725
603 -0.836356 -0.262821 -0.568103 0.966399
2788 0.127724 0.815401 -0.157183 0.998324
5723 -0.0550674 0.37377 0.746704 0.999058
1151 -1.01269 -0.0824164 -0.515197 0.957658
264 0.127391 -0.457134 -0.700542 0.998337
1288 -0.878067 0.52281 -0.295708 0.963698
538 -0.176322 -0.587134 -0.587013 0.997394
1086 0.546623 -0.1985 -0.726428 0.983091
4569 -0.582514 0.669976 0.301094 0.982142
4843 -1.15603 0.204632 0.354309 0.955658
884 -0.166402 0.337995 -0.760232 0.997775
2045 -0.296659 -0.811947 -0.0707237 0.994252
4230 0.2793 -0.795052 0.187877 0.994999
1230 1.04514 -0.176495 -0.467187 0.957551
3415 0.768031 0.596618 0.271705 0.969327
3689 -0.0640553 0.788072 0.272199 0.998933
5737 -0.453016 0.177923 0.754001 0.988061
4 -0.163504 -0.117767 -0.824117 0.997958
2052 -1.48619 -0.0425193 -0.0419207 0.9929
3213 1.42274 -0.12069 0.0828616 0.981758
1987 1.04722 -0.464462 -0.179789 0.958188
1511 0.523133 0.676344 -0.336821 0.98438
3696 0.059265 0.807522 0.206536 0.999042
5131 0.267887 -0.550096 0.60406 0.995046
148 0.111103 -0.308137 -0.778235 0.99855
4244 -1.24791 0.319728 0.0751016 0.960835
422 -0.956967 0.26686 -0.486622 0.961007
5268 0.708635 0.205275 0.65271 0.973129
2744 1.4876 -0.0350973 -0.046037 0.993301
5405 -0.426473 -0.162532 0.767772 0.98925
220 0.799795 0.0328953 -0.644058 0.96795
3566 -0.406842 -0.785441 0.0979835 0.989983
3703 0.20876 0.788333 0.236869 0.996724
2816 -0.0721431 0.831682 -0.0559567 0.999173
5001 -0.476349 -0.499913 0.586336 0.986565
1316 0.861062 -0.502758 -0.352025 0.965732
429 -0.699101 0.27153 -0.636314 0.974685
703 -0.39912 0.522262 -0.591688 0.990069
4936 -0.638162 -0.605465 0.382003 0.978229
5347 -0.577691 -0.00632346 0.738128 0.981417
1525 -0.875473 -0.588497 -0.141007 0.963718
775 0.791114 -0.46107 -0.458648 0.96957
1936 0.456634 -0.767967 -0.137028 0.987589
2960 -0.708815 0.68443 0.0419476 0.974336
4871 0.760188 0.406378 0.51958 0.969827
5693 0.23282 -0.327621 0.752278 0.996008
984 0.944011 -0.0239528 -0.565472 0.960556
3032 0.147749 0.827687 0.0275798 0.998384
3169 -0.645151 -0.707899 0.106336 0.977321
4604 -0.381204 -0.710279 0.363786 0.991283
2967 -0.577599 0.737362 -0.00561731 0.98145
5426 0.178297 -0.487936 0.670717 0.997566
580 -0.603171 -0.432582 -0.589306 0.980029
4676 0.900477 0.464373 0.354788 0.96267
1676 -1.26142 -0.229667 -0.228886 0.961748
4885 0.966525 0.112554 0.534482 0.959647
4272 -0.97095 0.541654 0.040254 0.959786
4683 0.899229 0.354724 0.465701 0.962723
998 1.17623 -0.0062678 -0.396994 0.958194
248 0.221087 0.53186 -0.628357 0.996411
1409 1.211 -0.258914 -0.260272 0.959559
3457 -1.38598 -0.189759 0.0357249 0.976002
5779 -0.177869 -0.125845 0.817354 0.997523
4279 -0.810261 0.604824 0.196301 0.969199
3392 0.967852 0.533309 0.110895 0.959605
5303 0.166507 0.535576 0.630024 0.997729
392 0.135527 -0.590699 -0.591725 0.998343
5786 -0.0714101 -0.0560712 0.832564 0.999178
4899 0.999605 -0.164837 0.49903 0.95917
940 -0.0170904 0.626767 -0.556618 0.999407
5173 0.682105 0.356707 0.596119 0.974743
190 0.111639 0.34223 -0.760479 0.998317
1214 -0.22734 0.675768 -0.470282 0.996453
4286 -1.03045 0.43873 0.246945 0.956536
3673 -0.451906 0.753601 0.178435 0.988134
738 -0.645672 0.544687 -0.458525 0.977246
4834 -1.24975 0.0750456 0.318039 0.961049
2036 -0.0794312 -0.836778 -0.053122 0.999141
5447 -0.154282 -0.401488 0.728904 0.998152
5721 0.0668151 0.405188 0.730291 0.999059
3608 -1.1635 -0.318509 0.255361 0.957902
4632 -1.25045 -0.121531 0.308068 0.961452
4906 0.369366 0.60239 0.517269 0.991457
947 0.0514335 0.679027 -0.489792 0.999328
60 -0.303854 0.0370382 -0.811624 0.994026
1084 0.46135 -0.137093 -0.766044 0.98734
334 0.508893 0.44405 -0.618923 0.984807
3067 1.32493 0.216151 0.13089 0.968314
1156 -0.120022 -0.74557 -0.381614 0.998536
406 0.35778 -0.494207 -0.633505 0.992153
5526 0.811246 -0.0701229 0.633095 0.967547
1091 0.492785 -0.296763 -0.710189 0.986021
204 0.687864 -0.0288389 -0.696058 0.97477
341 0.525492 0.537108 -0.530513 0.983791
1502 0.65826 0.612609 -0.352292 0.976389
4574 -0.323223 0.721872 0.356261 0.993149
1163 -0.188872 -0.704651 -0.440973 0.997292
276 0.0563183 -0.529828 -0.652382 0.999084
3485 -1.41873 0.148185 0.0045319 0.980763
3622 -1.31198 -0.154492 0.223136 0.966787
5533 0.658578 -0.35292 0.613395 0.976362
5807 0.0404893 0.105727 0.828147 0.999152
1509 0.413234 0.671834 -0.408636 0.98959
4718 -0.770045 0.537651 0.375393 0.970623
5742 -0.453533 0.0613441 0.772407 0.987967
896 -0.180511 0.48255 -0.673678 0.997433
4992 -0.39912 -0.591959 0.523625 0.990061
2194 -1.11496 -0.425281 -0.138761 0.956298
5540 0.524051 -0.33771 0.676904 0.98436
1718 0.106723 -0.778858 -0.3083 0.998606
4790 -0.0550401 0.746137 0.374077 0.999061
5064 -0.924794 0.360607 0.446247 0.961553
81 0.11874 0.231521 -0.80005 0.998167
218 0.514845 0.196544 -0.73458 0.984694
3427 0.533726 0.716193 0.226036 0.983229
3564 -0.362597 -0.77416 0.208795 0.991937
1790 -1.05471 0.469475 -0.136684 0.957112
2064 -1.38705 -0.181762 -0.0668833 0.975751
3225 -0.328979 0.802752 0.0214849 0.993227
1314 0.792207 -0.621239 -0.193381 0.969364
4660 0.543849 0.639412 0.384643 0.982847
4934 -0.207647 0.653326 0.500006 0.996675
5071 -0.733502 0.29557 0.605403 0.973548
160 -0.418252 -0.307684 -0.727868 0.989808
4256 -1.35559 0.207133 0.0698014 0.970746
4667 0.454187 0.704181 0.321963 0.987437
1732 -1.16231 0.255511 -0.318282 0.957876
5691 0.524603 -0.0435087 0.75388 0.984776
95 0.245571 -0.00220304 -0.821759 0.99584
5763 -0.0920444 0.0519768 0.831169 0.999002
30 0.243704 -0.115263 -0.814988 0.995855
3513 -0.0875705 -0.836393 0.0454195 0.999088
4537 1.02572 -0.418116 0.292191 0.957206
5698 0.0697154 -0.330775 0.766909 0.998841
2900 0.231168 0.751646 -0.32695 0.996054
3037 0.285605 0.809373 0.0439996 0.994912
4948 -0.897129 -0.451929 0.379419 0.963828
239 0.627748 0.241487 -0.679484 0.978011
5359 -0.673013 -0.176345 0.679862 0.975539
4609 -0.180556 -0.674091 0.483905 0.997427
5633 -0.483205 0.456739 0.615471 0.986317
5157 0.509988 -0.619013 0.445352 0.984739
4270 -1.20969 0.257309 0.257034 0.958018
5294 0.369274 0.517215 0.60262 0.991456
5431 -0.0164614 -0.409277 0.732355 0.999436
5705 0.34833 -0.232043 0.765968 0.992508
2020 0.103594 -0.825133 -0.143536 0.998763
3181 -0.777032 -0.656911 0.0446311 0.969107
2568 1.09752 0.198408 -0.410296 0.956057
3592 -0.885157 -0.591048 0.104519 0.963257
44 -0.0857976 0.0426721 -0.835796 0.999109
4277 -0.952326 0.531902 0.160104 0.961227
5438 -0.157308 -0.545086 0.628442 0.997838
5575 -0.196227 0.415845 0.712452 0.996797
592 -0.698638 -0.490427 -0.490005 0.974235
2914 0.346873 0.765412 -0.231455 0.992552
1140 -1.22324 -0.0801579 -0.347254 0.959005
3188 -1.11071 -0.437639 0.0993539 0.956766
2575 1.26376 0.0580553 -0.31113 0.962187
3599 -0.957028 -0.487197 0.267858 0.960979
736 -0.638105 0.380311 -0.605257 0.978236
1147 -1.11536 -0.139545 -0.424201 0.956252
260 0.0408304 -0.390761 -0.744456 0.999161
2582 1.24068 0.237825 -0.235685 0.961265
3606 -0.69894 -0.636733 0.273339 0.974692
4767 1.22264 0.134888 0.322251 0.9592
945 0.177659 0.669638 -0.487525 0.997577
2106 1.13063 0.401234 -0.154818 0.957846
1219 -0.155479 0.727557 -0.401425 0.998132
5178 0.492052 0.471403 0.59931 0.985684
3678 -0.453018 0.771789 0.0621031 0.988013
743 -0.733847 0.438469 -0.511435 0.972089
4702 0.793868 -0.451896 0.462674 0.967735
4976 -0.879008 -0.296004 0.523333 0.963628
267 0.280688 -0.434234 -0.693831 0.99487
2589 1.36064 0.0217012 -0.219079 0.972662
1839 -0.81276 0.623947 -0.126446 0.967081
1976 0.942334 -0.552082 -0.132857 0.961765
1226 0.942712 -0.132223 -0.551421 0.961202
2798 0.292009 0.796158 -0.148483 0.994541
