0 -0.0792305 -0.0552878 -0.821199 0.998976
1435 0.942872 0.447065 -0.35025 0.950595
3483 -1.58456 0.0594707 0.0185301 0.987965
1709 -0.397522 -0.772385 -0.131086 0.988596
1846 -0.574121 0.721296 -0.11296 0.977857
4781 0.0621323 0.656452 0.489648 0.998814
4918 0.290935 0.643738 0.468186 0.993096
209 0.544572 -0.02188 -0.741183 0.979197
5531 0.598435 -0.147732 0.707379 0.976556
4716 -0.652471 0.532504 0.456246 0.972389
5740 -0.586069 0.202666 0.695975 0.978152
894 -0.390121 0.356467 -0.696728 0.989067
7 -0.114442 -0.217394 -0.792845 0.998434
144 0.269056 -0.27686 -0.756783 0.994118
1305 0.598278 -0.6343 -0.352322 0.975928
5401 -0.468918 -0.337293 0.684321 0.984808
3627 1.55377 0.0312713 0.0858307 0.982327
1716 0.265258 -0.758088 -0.276935 0.994288
5812 0.0605912 0.203175 0.793745 0.998808
1990 1.22903 -0.369502 -0.114125 0.94487
3425 0.731074 0.638897 0.199089 0.96551
1514 0.504231 0.71364 -0.231207 0.982856
288 -0.659944 0.102294 -0.695451 0.971602
1449 1.18177 0.335993 -0.243723 0.943826
5408 -0.382621 -0.269656 0.734139 0.989585
5819 0.21453 0.233715 0.774285 0.995811
5069 -0.652443 0.455043 0.533671 0.972387
3158 1.21357 0.389896 0.0243191 0.944175
4867 0.588857 0.510642 0.510943 0.976493
158 0.329892 -0.173646 -0.776335 0.991512
432 -0.539184 -0.0797266 -0.740588 0.979927
3641 1.27955 -0.304879 0.158527 0.947498
5689 0.594489 0.04403 0.721903 0.976325
4939 -0.658307 -0.451679 0.537919 0.971579
3165 -0.54761 -0.741549 0.0417132 0.979309
4189 0.543068 -0.742739 -0.0204835 0.979312
5350 -0.835645 -0.125098 0.613904 0.958058
4600 -0.253979 -0.707952 0.39091 0.994951
641 -1.15526 0.0968345 -0.425862 0.942572
4874 0.94377 0.265302 0.497771 0.950604
2963 -0.721864 0.661153 0.136615 0.968915
28 0.10668 -0.143472 -0.809483 0.99845
2076 -1.52406 0.0658498 -0.110146 0.977814
5696 0.277026 -0.396526 0.696226 0.993637
4946 -0.748461 -0.503602 0.435151 0.965012
5083 -1.0638 0.242263 0.432406 0.943443
100 0.0213207 0.175008 -0.804785 0.998987
1672 -1.19698 -0.29201 -0.290173 0.942101
3381 0.945705 0.496952 0.26369 0.950503
5638 -0.479074 0.365488 0.663572 0.983904
2977 0.975836 -0.554319 -0.0239607 0.949587
5162 0.678187 -0.443746 0.533641 0.969523
3525 -0.309986 -0.798479 0.0390904 0.992617
4823 0.302749 -0.715724 0.358095 0.992426
3049 1.40343 0.233254 -0.0513256 0.959154
5306 0.324016 0.362818 0.704116 0.991744
3395 1.18866 0.350242 0.205891 0.942849
5443 -0.232496 -0.462145 0.665219 0.995587
3193 -1.12791 -0.406913 0.211497 0.943854
4902 0.970691 -0.0738654 0.547594 0.949518
3539 0.247793 -0.808801 -0.0010265 0.994961
3676 -0.585181 0.695158 0.203575 0.978224
4700 0.795897 -0.52764 0.370829 0.960488
128 -0.413079 0.0944863 -0.771683 0.987706
402 0.360726 -0.62096 -0.489109 0.990251
1700 -0.197487 -0.766013 -0.28123 0.996735
5796 0.130788 -0.154129 0.801833 0.997901
950 -0.0184768 0.717377 -0.402409 0.999292
5183 0.46971 0.317061 0.690008 0.983828
611 -0.970018 -0.314808 -0.459628 0.95028
1159 -0.350038 -0.684172 -0.402638 0.991103
4231 0.122449 -0.786883 0.228906 0.997747
409 0.287907 -0.568043 -0.569739 0.993529
3481 -1.58345 0.0191027 0.0606123 0.987688
5803 0.296654 -0.144996 0.783345 0.99322
2118 0.826025 0.623435 -0.0727542 0.958955
3142 0.593972 0.720902 0.0433861 0.976382
344 -0.119809 -0.375704 -0.731919 0.998233
4988 -0.482073 -0.633052 0.419468 0.983652
3488 -1.51422 0.00515343 0.134429 0.973693
3625 1.39244 -0.0454541 0.244448 0.956898
1988 1.04147 -0.429647 -0.285222 0.947311
1238 1.2194 -0.106566 -0.37742 0.943439
351 -0.192038 -0.43459 -0.691263 0.996663
3560 -0.453784 -0.722643 0.263533 0.985588
5334 -0.860075 -0.0178438 0.614094 0.957123
2810 -0.323437 0.787345 -0.0902906 0.992307
4858 0.786388 0.506913 0.397509 0.961155
2060 -1.46476 -0.070138 -0.174997 0.965148
4995 -0.242942 -0.600654 0.539153 0.994999
5543 0.504874 -0.231633 0.715094 0.98283
3632 1.45303 0.0424572 0.184076 0.965149
4930 -0.0753452 0.615314 0.541119 0.998662
5067 -0.790701 0.367313 0.529747 0.962692
3156 1.06667 0.491174 0.0201236 0.944611
1519 -0.8532 -0.561253 -0.262378 0.957605
5139 0.35225 -0.660663 0.433991 0.990266
3639 1.38305 0.130991 0.215092 0.954314
4663 0.509843 0.586312 0.462003 0.981677
91 0.0439498 0.084236 -0.81942 0.999095
228 0.786615 0.153862 -0.630284 0.961422
3163 1.2629 0.347488 -0.0598267 0.946206
4187 0.700854 -0.686589 -0.0275032 0.968627
300 -0.797962 0.0407725 -0.644928 0.960949
3646 1.34236 -0.289617 0.0501601 0.950925
5831 0.336116 0.151375 0.775865 0.991586
2283 -0.782613 -0.650216 -0.0811392 0.961719
3444 -1.52462 -0.10933 0.0686423 0.977896
646 -1.12931 0.210224 -0.404795 0.943931
1944 0.499352 -0.698306 -0.294727 0.982653
2081 -1.48153 0.147395 -0.0880908 0.968979
170 -0.194958 -0.282406 -0.765232 0.996786
4266 -1.40274 0.17099 0.169164 0.956235
4814 -0.011411 -0.731404 0.379896 0.998817
2016 0.046331 -0.822451 -0.0679893 0.999247
4201 0.524002 -0.723496 0.194551 0.981074
2564 1.25578 0.167929 -0.318138 0.94585
653 -1.04355 0.0369587 -0.511532 0.944927
4886 1.05149 0.194011 0.461391 0.945162
5773 -0.140194 -0.224487 0.785091 0.99781
40 0.0325825 -0.229647 -0.792727 0.999133
5160 0.536193 -0.522273 0.529216 0.979806
3523 -0.138013 -0.799263 0.187736 0.997903
1749 -1.37751 0.216299 -0.149599 0.954283
2910 0.0694644 0.751565 -0.325072 0.998579
2023 0.245051 -0.802242 -0.112378 0.995008
3047 0.335614 0.77495 0.151079 0.991605
249 0.272492 0.591902 -0.5398 0.993879
1410 1.32621 -0.142422 -0.27203 0.948337
3184 -1.28067 -0.342639 0.0360195 0.945436
660 0.123409 -0.688507 -0.450439 0.998071
5780 -0.322989 -0.0907559 0.788713 0.992312
2982 1.06869 -0.47972 0.129658 0.945123
2095 0.922464 0.515526 -0.26281 0.95275
3393 1.05339 0.460363 0.191517 0.945108
595 -0.890761 -0.425318 -0.423944 0.955588
1143 -1.12306 -0.251917 -0.38904 0.943522
3602 -0.876521 -0.568544 0.21912 0.956164
804 0.884587 -0.350476 -0.490832 0.955941
2102 0.972269 0.545141 -0.0748531 0.949627
4972 -0.998462 -0.339232 0.418041 0.948074
1424 -0.433474 0.753992 -0.15827 0.986843
4770 1.25642 -0.0558984 0.354248 0.945301
5794 0.0767666 -0.0700241 0.815959 0.998749
198 0.302047 0.356207 -0.715006 0.99246
4568 -0.495095 0.603164 0.449843 0.98271
746 -0.918148 0.375266 -0.444645 0.953854
4979 -0.951262 -0.183865 0.535497 0.950025
3205 1.47168 -0.181843 0.0167602 0.967298
1294 -0.950646 0.53466 -0.182916 0.950112
1431 -0.233072 0.747854 -0.301496 0.995824
544 -0.43556 -0.617629 -0.464534 0.986403
2592 1.57982 0.0394484 -0.0542277 0.987894
1842 -0.68725 0.668019 -0.173388 0.969447
4640 -1.14355 -0.278684 0.34938 0.943488
1092 0.701576 -0.144993 -0.67245 0.96859
3140 0.750345 0.661243 0.0285952 0.964401
342 0.416657 0.593335 -0.495434 0.987292
4712 -0.952737 0.4376 0.355277 0.950692
1777 -1.18674 0.37246 -0.18157 0.943061
2801 -0.140941 0.783538 -0.224305 0.997807
140 0.353804 -0.336075 -0.716745 0.990508
2599 1.49723 0.0794674 -0.128244 0.97274
1712 0.34998 -0.717504 -0.337443 0.990711
2736 1.52584 -0.0813116 -0.0973003 0.977014
4784 0.213929 0.738311 0.328403 0.995652
2123 0.598461 0.705749 -0.147972 0.976572
3147 0.532583 0.740339 -0.04246 0.98102
4719 -0.75215 0.593886 0.291895 0.966463
5267 0.825605 0.111739 0.617821 0.958025
284 -0.547048 0.0392632 -0.74066 0.979354
1308 0.765829 -0.588053 -0.300618 0.964503
1445 1.04194 0.291711 -0.418665 0.944649
2606 1.41822 0.178786 -0.135217 0.960788
5541 0.421508 -0.401984 0.66125 0.987067
5339 -0.728991 0.0420665 0.672279 0.967339
356 -0.104891 -0.514486 -0.643223 0.998308
1517 -0.677542 -0.621281 -0.316653 0.970141
5750 -0.32628 0.252493 0.749106 0.99168
291 -0.610743 0.215004 -0.68811 0.975511
5411 -0.232235 -0.301695 0.749565 0.99584
5685 0.750506 0.0295321 0.662372 0.964331
5822 0.15094 0.0280508 0.813605 0.997956
4935 -0.200877 0.699125 0.40883 0.99597
5072 -1.00523 0.0407111 0.530885 0.947546
89 0.122925 0.0195179 -0.820253 0.998449
3161 1.27838 0.313571 0.122663 0.944871
4596 -0.167547 -0.747588 0.334094 0.997281
637 -1.28149 0.0343981 -0.34092 0.945213
24 0.0476561 -0.0703594 -0.821193 0.999237
2072 -1.59516 0.0203137 -0.0502548 0.99065
3233 -0.0938911 0.815344 0.050446 0.998801
3644 1.14521 -0.398151 0.193926 0.942499
709 -0.484935 0.574975 -0.491464 0.983358
5079 -0.833124 0.193112 0.594774 0.960671
4192 0.484409 -0.757721 0.0608555 0.98321
1531 -0.969446 -0.461328 -0.313373 0.950328
781 0.623378 -0.506423 -0.506778 0.974109
442 -0.63757 -0.140186 -0.699127 0.97292
4538 1.18795 -0.238615 0.33629 0.943305
1740 -1.37013 0.0881102 -0.254517 0.952505
5562 -0.359031 0.514957 0.592683 0.989923
240 0.0634633 0.536306 -0.621768 0.998785
3449 -1.48251 -0.08919 0.14741 0.968829
5360 -0.633301 -0.28706 0.652023 0.973604
5634 -0.597699 0.295141 0.658463 0.977343
5771 -0.204633 0.211224 0.780747 0.996186
2086 -1.46792 0.0307269 -0.1801 0.966084
5569 -0.212325 0.490415 0.642538 0.995779
5713 0.0620796 0.489679 0.656772 0.998816
2778 0.0204229 0.784127 -0.239648 0.99894
3052 1.55951 0.0818961 0.0270042 0.983744
528 -0.435717 -0.465195 -0.616802 0.986392
1689 -1.36432 -0.247446 -0.126744 0.951182
802 0.816352 -0.191713 -0.607419 0.960457
2987 1.23635 -0.38034 -0.00871596 0.945596
4761 1.06465 0.0223755 0.493368 0.944501
189 -0.0108171 0.378002 -0.730571 0.998828
326 0.909754 0.289751 -0.509698 0.951808
1213 -0.16208 0.61522 -0.535416 0.997295
600 -0.678287 -0.317477 -0.619994 0.970074
3535 0.122057 -0.821446 0.0218768 0.998468
4696 0.646045 -0.612613 0.357257 0.971985
4833 -1.27536 -0.00488305 0.345587 0.946068
124 -0.369752 0.203559 -0.760185 0.990005
1285 -0.997636 0.417118 -0.338507 0.94821
4220 0.330754 -0.792041 0.0653746 0.991637
5518 0.779895 -0.263023 0.595802 0.962621
672 0.0518457 -0.64061 -0.521668 0.998949
1696 -0.345247 -0.75696 -0.240587 0.991401
3542 0.0204075 -0.805677 0.177528 0.998979
607 -0.898835 -0.144469 -0.57785 0.953776
4703 0.918404 -0.506364 0.289756 0.951337
2042 -0.117178 -0.793844 -0.215679 0.998391
1429 -0.38286 0.73269 -0.269093 0.989588
3614 -1.36904 -0.256471 0.0897054 0.952602
4573 -0.47876 0.662514 0.366495 0.983935
3686 -0.325816 0.748286 0.252871 0.991716
888 -0.25482 0.388958 -0.707032 0.994931
4984 -0.730391 -0.34656 0.577709 0.965983
138 -0.218203 0.242083 -0.774754 0.995854
1299 -0.729796 0.576397 -0.346041 0.966058
412 -0.911774 0.101419 -0.579505 0.952853
4234 0.388774 -0.739795 0.256992 0.988987
4645 -1.0945 -0.134209 0.460055 0.943855
4919 0.324026 0.703614 0.362508 0.991749
5121 0.0640396 -0.622554 0.538075 0.998788
2121 0.735531 0.648504 -0.163475 0.966488
210 0.484622 0.0588872 -0.756565 0.983191
347 -0.349874 -0.403217 -0.683382 0.991104
1234 1.04231 -0.284333 -0.428855 0.946521
3145 0.488875 0.739186 0.148092 0.983078
1782 -1.14137 0.349485 -0.27848 0.943594
2056 -1.51763 -0.0966602 -0.0968706 0.975892
4241 -1.2722 0.347187 -0.00334353 0.945994
5128 0.225123 -0.617984 0.523955 0.995573
4789 0.0691176 0.716696 0.397986 0.998785
4926 -0.358928 0.591914 0.515713 0.989934
80 0.284545 0.181905 -0.780625 0.993825
5820 0.383432 -0.0439088 0.779398 0.989705
2272 -0.539922 -0.741565 -0.07777 0.979879
772 0.530409 -0.452829 -0.593857 0.980476
4868 0.722586 0.474343 0.475042 0.966317
3231 -0.213084 0.801829 0.0940724 0.996201
4529 0.946975 -0.348899 0.447577 0.950215
5690 0.489384 0.148554 0.740007 0.98304
707 -0.24367 0.537333 -0.599948 0.994985
5827 0.29174 0.0450334 0.795532 0.993593
3029 0.383231 0.778068 -0.0440363 0.989711
2279 -0.637399 -0.700401 -0.138714 0.972934
3440 -1.59649 -0.0487421 0.0228875 0.990821
1940 0.554346 -0.715534 -0.196441 0.97905
5423 0.0527128 -0.482063 0.667879 0.999141
4536 1.06935 -0.336933 0.361334 0.944379
3649 1.30863 -0.220662 0.228426 0.948271
1738 -1.32225 0.192138 -0.246072 0.94954
3173 -0.610354 -0.689011 0.217494 0.975534
447 -0.783453 -0.0827177 -0.648676 0.961694
584 -0.613313 -0.580476 -0.427106 0.975192
4680 1.01374 0.369764 0.369888 0.947109
995 1.08426 0.0384917 -0.4836 0.94429
4204 0.819657 -0.634499 0.0338023 0.959589
5639 -0.331589 0.34963 0.709388 0.991305
656 0.0365959 -0.731775 -0.384611 0.998983
793 0.599946 -0.351601 -0.633515 0.975895
1680 -1.36368 -0.128869 -0.246217 0.950918
5163 0.417604 -0.496462 0.594639 0.987248
180 -0.0206933 0.473169 -0.671814 0.998667
317 0.642217 0.356309 -0.612769 0.972253
4687 1.16232 0.303415 0.301965 0.943874
4824 -1.12404 -0.0168872 0.455252 0.94231
4211 0.920478 -0.551141 0.19084 0.951497
663 0.280157 -0.681372 -0.429679 0.99378
2985 1.09702 -0.47717 0.0353825 0.944793
50 -0.137002 0.185124 -0.798467 0.997928
324 0.80653 0.455897 -0.446209 0.959701
3533 0.0430887 -0.820392 0.0870556 0.999096
5444 -0.392516 -0.437053 0.648869 0.988962
2033 0.029899 -0.793784 -0.228585 0.999144
3057 1.46213 0.176384 0.0368786 0.966957
259 0.351396 0.43201 -0.660145 0.990311
4218 0.6407 -0.668967 0.239671 0.972506
533 -0.354631 -0.558979 -0.558122 0.990366
4766 1.20841 0.0284374 0.394397 0.943694
4903 1.16587 -0.152565 0.399607 0.943604
2105 1.02446 0.491642 -0.165498 0.947203
1218 -0.392979 0.647088 -0.436641 0.988953
2040 -0.1688 -0.8108 -0.113513 0.997449
3201 -1.04193 -0.513576 0.0385915 0.944982
5523 0.735366 -0.16317 0.650272 0.96645
3612 -1.32199 -0.247814 0.192467 0.949427
4636 -1.18875 -0.182253 0.372248 0.942973
64 0.331373 0.0634976 -0.790789 0.991592
2112 0.779776 0.594094 -0.262887 0.962707
338 0.676257 0.533 -0.442744 0.969715
1773 -1.3083 0.298952 -0.118026 0.947818
2184 -1.27834 -0.338873 -0.0798874 0.944863
3208 1.59341 -0.0330834 0.0429029 0.989678
5256 0.792251 0.266455 0.584305 0.960484
2732 1.44581 -0.0718067 -0.189839 0.962631
1845 -0.632697 0.650867 -0.286284 0.973667
4917 0.173853 0.618191 0.525743 0.997029
5804 -0.0658809 0.267078 0.774713 0.998664
3691 0.041154 0.812351 0.103685 0.998951
2804 -0.180692 0.801728 -0.123923 0.997035
1167 -0.105747 -0.643384 -0.514389 0.998296
2191 -1.12262 -0.390911 -0.250189 0.943599
4239 -1.12365 0.454433 -0.0153246 0.942462
2739 1.46775 -0.17304 -0.0736671 0.96665
3424 0.82613 0.616745 0.110466 0.958028
13 -0.299871 -0.0723463 -0.797357 0.993058
2198 -1.04386 -0.508077 -0.0838935 0.945169
3222 1.42258 -0.124168 0.181944 0.960168
1448 1.05845 0.363907 -0.341993 0.944656
4657 0.705796 0.582628 0.348206 0.967592
698 -0.482449 0.417463 -0.632329 0.983633
5270 0.550447 0.222801 0.70219 0.978527
85 0.38764 0.254997 -0.739083 0.989036
5342 -0.724092 0.135733 0.661279 0.968759
5753 -0.33487 0.0213535 0.789772 0.991669
2955 -0.858412 0.613795 -0.0172897 0.957246
4253 -1.20358 0.344756 0.201689 0.941249
431 -0.877698 0.217112 -0.567044 0.95613
1729 0.32652 -0.778057 -0.172929 0.991688
5075 -0.983181 0.158 0.522564 0.949674
229 0.911131 0.191057 -0.554726 0.951855
2277 -0.57677 -0.689875 -0.25489 0.977583
3575 -0.218245 -0.77567 0.244259 0.995854
5760 -0.213213 0.093886 0.802882 0.996183
164 -0.343833 -0.242243 -0.756016 0.991451
5421 -0.0170437 -0.54754 0.616735 0.999253
438 -0.57703 -0.255816 -0.688725 0.977547
4808 -0.0204074 -0.672547 0.475077 0.998666
1397 1.12555 -0.323088 -0.327258 0.942968
784 0.529475 -0.593086 -0.454469 0.980458
1945 0.699568 -0.674157 -0.144893 0.968898
3243 -0.204329 0.779847 0.211435 0.996208
4267 -1.43624 0.0682789 0.193787 0.960153
3517 -0.185291 -0.810653 0.0915504 0.997017
4815 0.114739 -0.747879 0.337775 0.997951
2904 0.275625 0.694942 -0.395662 0.993684
993 1.05698 0.131431 -0.485162 0.944963
5363 -0.574135 -0.113805 0.722489 0.977832
1404 1.33111 -0.269976 -0.145676 0.94955
4887 1.18727 0.208944 0.349763 0.942865
178 -0.395957 -0.133431 -0.771379 0.988666
5572 -0.07534 0.540853 0.615698 0.998661
4209 0.792626 -0.62877 0.154327 0.961169
798 0.76983 -0.301082 -0.584955 0.964135
4894 0.923602 -0.262486 0.516907 0.952552
48 -0.184599 0.0886958 -0.809803 0.997043
5305 0.290755 0.468461 0.643972 0.993101
322 0.789928 0.370778 -0.528985 0.960921
5716 0.214131 0.328514 0.738956 0.995645
2781 0.0763118 0.814614 -0.069999 0.998746
120 -0.45452 0.261047 -0.72182 0.985562
1418 -0.468953 0.682842 -0.336679 0.984821
1692 -0.427018 -0.715614 -0.303447 0.987333
5788 0.0214843 -0.239952 0.785642 0.998935
5175 0.562795 0.377385 0.62607 0.977811
603 -0.854209 -0.263599 -0.559569 0.957528
2788 0.130054 0.800445 -0.153848 0.997906
5723 -0.0569172 0.367062 0.733593 0.998808
1151 -1.04512 -0.085439 -0.50613 0.945104
264 0.127847 -0.449729 -0.688148 0.997943
1288 -0.899699 0.515365 -0.291637 0.953835
538 -0.18164 -0.576897 -0.576662 0.996723
1086 0.557665 -0.196286 -0.713746 0.978817
4569 -0.597215 0.657388 0.296352 0.97738
4843 -1.20347 0.201241 0.345562 0.941307
884 -0.16767 0.332061 -0.746693 0.997275
2045 -0.301385 -0.798394 -0.0695628 0.992988
4230 0.284923 -0.781605 0.183916 0.99382
1230 1.07956 -0.174252 -0.458487 0.944275
3415 0.793461 0.583711 0.264888 0.960442
3689 -0.0658901 0.773843 0.267238 0.998671
5737 -0.462134 0.175877 0.740802 0.985087
4 -0.167231 -0.116148 -0.809607 0.99749
2052 -1.59189 -0.0413315 -0.0420825 0.989663
3213 1.52282 -0.100611 0.0786442 0.975769
1987 1.08345 -0.454948 -0.177913 0.945283
1511 0.531435 0.665038 -0.330685 0.980631
3696 0.0603998 0.792831 0.203115 0.998813
5131 0.273245 -0.540504 0.593576 0.993862
148 0.11213 -0.303363 -0.764403 0.998207
4244 -1.30979 0.30776 0.0741677 0.947383
422 -0.983527 0.266042 -0.478006 0.949563
5268 0.73065 0.200483 0.639534 0.965506
2744 1.60037 -0.0225872 -0.0426144 0.991572
5405 -0.43342 -0.159037 0.755258 0.986831
220 0.816161 0.0333452 -0.635018 0.959528
3566 -0.413811 -0.772455 0.0970506 0.987655
3703 0.214091 0.773452 0.233592 0.995822
2816 -0.0730702 0.816486 -0.0554165 0.999008
5001 -0.484816 -0.491939 0.57678 0.983353
1316 0.881321 -0.495006 -0.3483 0.956258
429 -0.714685 0.269177 -0.625127 0.968135
703 -0.40701 0.513339 -0.58109 0.98766
4936 -0.65045 -0.595156 0.378306 0.972765
5347 -0.590977 -0.0048021 0.725506 0.976724
1525 -0.897642 -0.579662 -0.14304 0.953832
775 0.807673 -0.45459 -0.452313 0.961335
1936 0.466236 -0.754701 -0.135151 0.984508
2960 -0.727057 0.672068 0.0426008 0.967491
4871 0.785825 0.397431 0.507697 0.961071
5693 0.235776 -0.321726 0.739284 0.995089
984 0.967954 -0.0223993 -0.557898 0.949288
3032 0.15059 0.812417 0.0278802 0.997955
3169 -0.659717 -0.696498 0.104656 0.971607
4604 -0.389112 -0.69764 0.358575 0.989105
2967 -0.590812 0.724394 -0.00410548 0.97677
5426 0.181918 -0.479597 0.65884 0.996966
580 -0.61362 -0.427807 -0.579511 0.975154
4676 0.932397 0.45318 0.345987 0.951478
1676 -1.31293 -0.228923 -0.226888 0.947034
4885 0.994922 0.10642 0.526212 0.947561
4272 -1.00345 0.530655 0.041769 0.94775
4683 0.930972 0.346584 0.454066 0.951541
998 1.22451 -0.00244884 -0.387564 0.944183
248 0.224668 0.52215 -0.617262 0.995581
1409 1.2696 -0.248863 -0.2515 0.945621
3457 -1.47032 -0.179173 0.0325966 0.966657
5779 -0.180148 -0.124168 0.80312 0.997036
4279 -0.831613 0.594405 0.193942 0.960792
3392 0.996207 0.52497 0.104093 0.947567
5303 0.173795 0.525878 0.618288 0.997032
392 0.135774 -0.580558 -0.581537 0.997935
5786 -0.0724911 -0.0555273 0.817797 0.999009
4899 1.0239 -0.16447 0.493981 0.947015
940 -0.0180617 0.614972 -0.546913 0.99925
5173 0.705133 0.349097 0.583023 0.967487
190 0.115258 0.335935 -0.746955 0.997954
1214 -0.233464 0.663338 -0.461735 0.995565
4286 -1.06405 0.430909 0.243775 0.943539
3673 -0.461298 0.740013 0.176384 0.985158
738 -0.658009 0.536259 -0.45126 0.971617
4834 -1.31254 0.0741524 0.305814 0.947659
2036 -0.0804593 -0.822359 -0.0527831 0.998964
5447 -0.158511 -0.394424 0.716098 0.997689
5721 0.069156 0.397958 0.717296 0.998787
3608 -1.20854 -0.312379 0.251934 0.943517
4632 -1.31292 -0.11851 0.296461 0.94799
4906 0.383535 0.590301 0.507198 0.988943
947 0.0517277 0.666212 -0.481465 0.999143
60 -0.309128 0.0365811 -0.797589 0.992671
1084 0.469747 -0.135622 -0.752768 0.984274
334 0.517063 0.436684 -0.60858 0.981249
3067 1.38641 0.214293 0.126721 0.954705
1156 -0.122435 -0.732503 -0.375403 0.998202
406 0.363687 -0.486575 -0.622177 0.990102
5526 0.825861 -0.0720278 0.624989 0.958884
1091 0.502558 -0.293525 -0.697275 0.982444
204 0.701793 -0.0285614 -0.68508 0.968391
341 0.5345 0.528256 -0.521332 0.979932
1502 0.669911 0.602737 -0.346861 0.970566
4574 -0.331244 0.708557 0.350206 0.991337
1163 -0.193215 -0.692008 -0.433952 0.996638
276 0.0549305 -0.52092 -0.640819 0.998866
3485 -1.51246 0.135614 0.00457357 0.973753
3622 -1.38117 -0.150376 0.214126 0.954415
5533 0.670649 -0.347689 0.603927 0.970474
5807 0.0413782 0.103852 0.813398 0.998946
1509 0.419938 0.66038 -0.40067 0.98714
4718 -0.791072 0.528353 0.368441 0.962696
5742 -0.462144 0.0620753 0.759333 0.985079
896 -0.183808 0.473949 -0.66149 0.996822
4992 -0.406593 -0.581758 0.515175 0.987672
2194 -1.15259 -0.419251 -0.140048 0.942213
5540 0.532559 -0.331738 0.666112 0.980577
1718 0.108621 -0.765224 -0.303344 0.998268
4790 -0.0570103 0.732849 0.367299 0.998812
5064 -0.952394 0.354021 0.439158 0.95069
81 0.122986 0.226997 -0.785885 0.997748
218 0.522604 0.192359 -0.722855 0.981147
3427 0.550191 0.70168 0.221923 0.978578
3564 -0.369348 -0.761036 0.206033 0.990007
1790 -1.09396 0.459389 -0.132875 0.943955
2064 -1.46794 -0.173914 -0.0679463 0.96581
3225 -0.335009 0.788588 0.0218423 0.991679
1314 0.812125 -0.610682 -0.191475 0.961076
4660 0.56298 0.625727 0.3768 0.977936
4934 -0.212227 0.641833 0.490989 0.995791
5071 -0.752053 0.290667 0.595205 0.966442
160 -0.42652 -0.304169 -0.714823 0.987339
4256 -1.43359 0.19682 0.0668908 0.959783
4667 0.469763 0.689593 0.316316 0.983856
1732 -1.20767 0.251815 -0.311408 0.943606
5691 0.532913 -0.0420914 0.741627 0.980983
95 0.249103 -0.00290987 -0.807378 0.994891
5763 -0.0936745 0.050417 0.8165 0.998799
30 0.247063 -0.113973 -0.800711 0.994918
3513 -0.0883484 -0.822127 0.0436266 0.998903
4537 1.05569 -0.412252 0.28887 0.944346
5698 0.0705522 -0.325465 0.75315 0.998571
2900 0.234217 0.738044 -0.320931 0.995138
3037 0.29136 0.794394 0.0447971 0.9936
4948 -0.918581 -0.445258 0.376631 0.953761
239 0.637527 0.238088 -0.66904 0.972707
5359 -0.687719 -0.174191 0.669072 0.969382
4609 -0.183288 -0.66226 0.475782 0.996824
5633 -0.49517 0.448745 0.604238 0.982698
5157 0.51896 -0.608994 0.438188 0.981114
4270 -1.2646 0.250374 0.249956 0.94395
5294 0.383413 0.507337 0.590439 0.988946
5431 -0.017403 -0.40273 0.719131 0.999294
5705 0.352574 -0.227081 0.753289 0.990772
2020 0.105067 -0.810832 -0.141625 0.998484
3181 -0.797243 -0.646328 0.0427476 0.960962
2568 1.12977 0.197981 -0.405759 0.942221
3592 -0.910342 -0.581273 0.103332 0.952888
44 -0.0873413 0.0406281 -0.821163 0.998917
4277 -0.981845 0.52218 0.158986 0.949871
5438 -0.161144 -0.535928 0.617109 0.997305
5575 -0.200978 0.408346 0.699909 0.995955
592 -0.710286 -0.484439 -0.483403 0.967916
2914 0.351325 0.752084 -0.226461 0.990819
1140 -1.27821 -0.0817166 -0.337722 0.944562
3188 -1.15298 -0.428516 0.0983439 0.942599
2575 1.32325 0.0604385 -0.301505 0.948485
3599 -0.983031 -0.479244 0.267532 0.949513
736 -0.65079 0.376216 -0.594437 0.972752
1147 -1.15354 -0.141678 -0.417261 0.942099
260 0.0402545 -0.384408 -0.731209 0.998955
2582 1.29127 0.233745 -0.232774 0.947448
3606 -0.71406 -0.626112 0.271373 0.968165
4767 1.27445 0.127416 0.315613 0.944457
945 0.181077 0.657298 -0.478858 0.996977
2106 1.16819 0.395267 -0.154667 0.944218
1219 -0.15965 0.714256 -0.394176 0.99767
5178 0.509758 0.462019 0.586645 0.981571
3678 -0.461736 0.758333 0.0627173 0.985128
743 -0.748424 0.433375 -0.502994 0.965038
4702 0.810806 -0.445494 0.456186 0.959333
4976 -0.900426 -0.292457 0.516352 0.953729
267 0.28447 -0.427898 -0.681305 0.993585
2589 1.43774 0.0269365 -0.209169 0.962035
1839 -0.835297 0.612845 -0.124424 0.958116
1976 0.96959 -0.542935 -0.131848 0.950803
1226 0.968362 -0.131026 -0.542929 0.950017
2798 0.296204 0.781921 -0.144803 0.993227
