0 -0.0790053 -0.0553192 -0.825071 0.999022
1435 0.938964 0.44775 -0.350955 0.953584
3483 -1.55451 0.0615846 0.018488 0.989014
1709 -0.39672 -0.775522 -0.131521 0.98913
1846 -0.572445 0.724158 -0.113541 0.97902
4781 0.0616031 0.659587 0.492188 0.998885
4918 0.289356 0.64697 0.47038 0.993494
209 0.543399 -0.0220464 -0.744015 0.98026
5531 0.597753 -0.148471 0.709689 0.977767
4716 -0.650031 0.534619 0.457977 0.973916
5740 -0.584607 0.203076 0.698706 0.979325
894 -0.38919 0.357557 -0.700071 0.989633
7 -0.11397 -0.218234 -0.796593 0.99851
144 0.268498 -0.277924 -0.760244 0.994405
1305 0.596881 -0.636739 -0.353054 0.977238
5401 -0.46784 -0.338589 0.68702 0.985572
3627 1.52899 0.0286643 0.0854162 0.984437
1716 0.264445 -0.7615 -0.278061 0.994575
5812 0.0606666 0.204467 0.797443 0.998863
1990 1.21587 -0.37176 -0.114635 0.94884
3425 0.727432 0.641529 0.200155 0.967542
1514 0.503703 0.716428 -0.232658 0.9837
288 -0.657795 0.102608 -0.697965 0.973132
1449 1.17303 0.336432 -0.243597 0.947916
5408 -0.381777 -0.270706 0.73722 0.990084
5819 0.214016 0.234764 0.777978 0.996034
5069 -0.65002 0.456764 0.535761 0.973912
3158 1.20394 0.390009 0.0258346 0.948374
4867 0.585859 0.51303 0.513375 0.977834
158 0.329219 -0.17431 -0.779801 0.991921
432 -0.537703 -0.079747 -0.743489 0.980942
3641 1.26428 -0.307604 0.159001 0.951347
5689 0.593066 0.0441119 0.724628 0.977596
4939 -0.656987 -0.452989 0.539476 0.973081
3165 -0.54625 -0.744266 0.0418504 0.98035
4189 0.541442 -0.745588 -0.0207327 0.980413
5350 -0.831756 -0.125383 0.61575 0.96053
4600 -0.253678 -0.71132 0.392272 0.995191
641 -1.14522 0.0968772 -0.427527 0.946735
4874 0.937681 0.26634 0.499783 0.95378
2963 -0.719453 0.663553 0.136466 0.970683
28 0.106584 -0.144006 -0.813289 0.99852
2076 -1.49794 0.068211 -0.111537 0.979763
5696 0.276415 -0.398586 0.699249 0.993946
4946 -0.746799 -0.505059 0.435706 0.966914
5083 -1.05725 0.242457 0.433081 0.947113
100 0.0207757 0.175898 -0.808617 0.999029
1672 -1.18851 -0.291414 -0.28988 0.946437
3381 0.939623 0.498863 0.26492 0.953676
5638 -0.477861 0.366891 0.666473 0.984763
2977 0.97059 -0.555476 -0.024235 0.952771
5162 0.676355 -0.445491 0.535066 0.971139
3525 -0.309611 -0.801891 0.0390191 0.992947
4823 0.301744 -0.718936 0.35956 0.992805
3049 1.38559 0.233937 -0.0516274 0.96266
5306 0.322417 0.364302 0.707661 0.992208
3395 1.17798 0.351253 0.207537 0.947122
5443 -0.231557 -0.464196 0.668338 0.995814
3193 -1.11933 -0.408141 0.211031 0.947863
4902 0.967169 -0.0732144 0.547968 0.952676
3539 0.247125 -0.812418 -0.00110754 0.995207
3676 -0.583676 0.698015 0.203977 0.979404
4700 0.7931 -0.529319 0.371317 0.962755
128 -0.4123 0.0945996 -0.774984 0.988305
402 0.35995 -0.623756 -0.490952 0.990775
1700 -0.19715 -0.769503 -0.282339 0.996884
5796 0.130603 -0.154803 0.805666 0.998004
950 -0.0183482 0.721092 -0.404122 0.999327
5183 0.467405 0.318298 0.693396 0.984745
611 -0.966694 -0.313978 -0.460024 0.953314
1159 -0.349528 -0.687281 -0.403917 0.991535
4231 0.12125 -0.790543 0.229793 0.997858
409 0.287501 -0.570507 -0.572212 0.993872
3481 -1.55356 0.019036 0.0626638 0.988772
5803 0.296426 -0.145988 0.786818 0.993548
2118 0.824196 0.624706 -0.0722245 0.961275
3142 0.592548 0.723787 0.0435141 0.977636
344 -0.119531 -0.377232 -0.735411 0.998315
4988 -0.481174 -0.635812 0.420606 0.984484
3488 -1.48824 0.00465784 0.137467 0.975951
3625 1.37528 -0.0465138 0.244938 0.960678
1988 1.03472 -0.430944 -0.285404 0.950793
1238 1.20755 -0.107582 -0.378947 0.947689
351 -0.191683 -0.436297 -0.694584 0.996821
3560 -0.452742 -0.725698 0.264113 0.986324
5334 -0.855674 -0.0182118 0.616011 0.959719
2810 -0.322832 0.790961 -0.0904963 0.992658
4858 0.782097 0.509047 0.399254 0.963494
2060 -1.44398 -0.0693399 -0.176167 0.968462
4995 -0.242493 -0.603444 0.541484 0.995244
5543 0.50431 -0.233084 0.71767 0.983687
3632 1.43482 0.0404183 0.183645 0.968743
4930 -0.0755316 0.618142 0.543848 0.998732
5067 -0.787581 0.368548 0.5313 0.964814
3156 1.06104 0.4914 0.0214377 0.948329
1519 -0.850848 -0.562362 -0.261709 0.960028
5139 0.351236 -0.663578 0.435792 0.990749
3639 1.36793 0.130834 0.214975 0.958678
4663 0.507222 0.589216 0.464171 0.982718
91 0.0438622 0.0849166 -0.823268 0.999139
228 0.784825 0.153641 -0.631811 0.963574
3163 1.25138 0.348059 -0.0588429 0.950412
4187 0.698369 -0.688851 -0.0276669 0.970383
300 -0.794438 0.0412903 -0.646993 0.963178
3646 1.32338 -0.29347 0.0503456 0.954575
5831 0.335276 0.151692 0.779511 0.992026
2283 -0.779572 -0.652097 -0.0805775 0.963877
3444 -1.49788 -0.111255 0.0710393 0.979748
646 -1.12051 0.20989 -0.406289 0.94791
1944 0.497883 -0.701264 -0.295488 0.983591
2081 -1.45679 0.150492 -0.089493 0.971494
170 -0.194441 -0.283499 -0.768822 0.996939
4266 -1.38379 0.171996 0.170335 0.959933
4814 -0.0122024 -0.734889 0.381388 0.998857
2016 0.0462035 -0.826242 -0.0680634 0.99928
4201 0.522628 -0.726262 0.195363 0.982052
2564 1.24451 0.167747 -0.318542 0.95002
653 -1.03631 0.0372359 -0.513036 0.9486
4886 1.04423 0.195105 0.462688 0.948896
5773 -0.14016 -0.225095 0.788865 0.997898
40 0.0326026 -0.23058 -0.796495 0.999174
5160 0.534685 -0.52457 0.531026 0.980845
3523 -0.13853 -0.802897 0.188491 0.997989
1749 -1.35937 0.217952 -0.150732 0.958022
2910 0.0693706 0.755436 -0.326432 0.998648
2023 0.244351 -0.805832 -0.112938 0.995251
3047 0.334801 0.778729 0.151443 0.992041
249 0.271612 0.594684 -0.542511 0.994187
1410 1.30893 -0.144801 -0.274449 0.952426
3184 -1.26609 -0.344714 0.0363333 0.949677
660 0.123158 -0.691756 -0.452362 0.99817
5780 -0.322332 -0.0909449 0.792206 0.992666
2982 1.06102 -0.481277 0.129272 0.948733
2095 0.919055 0.51637 -0.263272 0.955584
3393 1.04625 0.461506 0.192865 0.948834
595 -0.888573 -0.425398 -0.424198 0.958173
1143 -1.11659 -0.250828 -0.389084 0.947438
3602 -0.87298 -0.570097 0.218605 0.958813
804 0.881354 -0.35071 -0.491973 0.9586
2102 0.968587 0.545719 -0.0741203 0.952766
4972 -0.993495 -0.339821 0.418232 0.951383
1424 -0.432718 0.757216 -0.158968 0.987469
4770 1.24558 -0.0553642 0.354261 0.949636
5794 0.0766391 -0.0701234 0.819893 0.998813
198 0.301357 0.357753 -0.718355 0.992824
4568 -0.493772 0.605775 0.451669 0.983636
746 -0.914584 0.375286 -0.445797 0.956637
4979 -0.946307 -0.184277 0.536622 0.953125
3205 1.44507 -0.187382 0.0169222 0.969572
1294 -0.945691 0.53594 -0.183518 0.953192
1431 -0.232587 0.751486 -0.302718 0.996015
544 -0.435032 -0.620238 -0.466038 0.987061
2592 1.55121 0.0381171 -0.056068 0.989077
1842 -0.685172 0.670339 -0.173863 0.9711
4640 -1.13518 -0.279188 0.34953 0.947487
1092 0.69932 -0.145366 -0.67469 0.970333
3140 0.748343 0.663168 0.0293551 0.966387
342 0.415619 0.595847 -0.497936 0.987917
4712 -0.947863 0.438512 0.356142 0.953678
1777 -1.17612 0.373639 -0.182412 0.947134
2801 -0.140902 0.787467 -0.22497 0.997894
140 0.353163 -0.337171 -0.72 0.990987
2599 1.47401 0.0784967 -0.130489 0.975273
1712 0.349047 -0.72074 -0.338595 0.991193
2736 1.4973 -0.0866738 -0.0993384 0.978699
4784 0.213131 0.741964 0.329948 0.995893
2123 0.597788 0.708252 -0.148707 0.977765
3147 0.531939 0.743284 -0.0429791 0.98198
4719 -0.749608 0.595779 0.29273 0.968367
5267 0.822094 0.112764 0.619603 0.96052
284 -0.545573 0.0394725 -0.743561 0.980408
1308 0.763374 -0.589935 -0.300863 0.966542
1445 1.03708 0.291798 -0.418753 0.948258
2606 1.3994 0.179604 -0.13658 0.964209
5541 0.420618 -0.404186 0.663782 0.987703
5339 -0.726351 0.0418173 0.674536 0.969191
356 -0.104619 -0.516714 -0.646351 0.998391
1517 -0.676437 -0.62321 -0.31671 0.971715
5750 -0.325549 0.253709 0.752464 0.992101
291 -0.608955 0.215354 -0.690825 0.976837
5411 -0.231721 -0.302831 0.753058 0.996033
5685 0.748511 0.0302243 0.664159 0.966339
5822 0.150817 0.0282718 0.817485 0.99806
4935 -0.200376 0.702317 0.41094 0.996176
5072 -0.998834 0.0401473 0.532378 0.950964
89 0.122794 0.0197475 -0.824101 0.998521
3161 1.26565 0.314136 0.124655 0.949291
4596 -0.167991 -0.751098 0.335282 0.997399
637 -1.26686 0.0349097 -0.343115 0.949509
24 0.0477177 -0.0704258 -0.825069 0.99927
2072 -1.56468 0.0225107 -0.0507104 0.991476
3233 -0.0935405 0.819317 0.0513387 0.998851
3644 1.13605 -0.399496 0.19369 0.946487
709 -0.484055 0.577344 -0.493418 0.984205
5079 -0.83007 0.193333 0.596297 0.962956
4192 0.48308 -0.760712 0.0610881 0.984081
1531 -0.966161 -0.461555 -0.312711 0.953358
781 0.622301 -0.508017 -0.508288 0.975511
442 -0.635755 -0.139906 -0.701661 0.974346
4538 1.17892 -0.239073 0.33623 0.94749
1740 -1.35193 0.088745 -0.257036 0.956473
5562 -0.35842 0.517189 0.595309 0.990441
240 0.0632721 0.538875 -0.624862 0.998843
3449 -1.45772 -0.0906053 0.150586 0.971395
5360 -0.63195 -0.287809 0.654149 0.974984
5634 -0.595969 0.296051 0.66112 0.978584
5771 -0.204187 0.21257 0.784279 0.996366
2086 -1.4458 0.0316071 -0.182061 0.969174
5569 -0.212137 0.492784 0.645392 0.99599
5713 0.0615083 0.492193 0.659888 0.998887
2778 0.0203989 0.788136 -0.240534 0.998987
3052 1.5346 0.0808318 0.0251414 0.985704
528 -0.435185 -0.466618 -0.619505 0.987053
1689 -1.34838 -0.248246 -0.126428 0.955377
802 0.813193 -0.191786 -0.609234 0.962771
2987 1.22283 -0.382767 -0.00924933 0.94947
4761 1.05907 0.0235063 0.493519 0.948238
189 -0.0113605 0.379565 -0.734218 0.998868
326 0.906668 0.289899 -0.510579 0.954687
1213 -0.161537 0.618269 -0.537941 0.997429
600 -0.677118 -0.317381 -0.622092 0.971655
3535 0.121691 -0.825198 0.0220849 0.99854
4696 0.64425 -0.614894 0.358037 0.973498
4833 -1.26044 -0.00579293 0.3479 0.950107
124 -0.368986 0.204075 -0.763601 0.990502
1285 -0.992671 0.417456 -0.339247 0.951479
4220 0.32985 -0.795449 0.0656586 0.992052
5518 0.778067 -0.263703 0.597119 0.964694
672 0.0518289 -0.643652 -0.524002 0.999003
1696 -0.344519 -0.760198 -0.241374 0.991809
3542 0.0196151 -0.809374 0.178389 0.999021
607 -0.894994 -0.143355 -0.579289 0.956527
4703 0.914239 -0.507628 0.289943 0.954313
2042 -0.116921 -0.797502 -0.216504 0.998465
1429 -0.382027 0.735922 -0.270211 0.990087
3614 -1.35085 -0.258875 0.0902802 0.956544
4573 -0.477497 0.665471 0.367924 0.9848
3686 -0.325061 0.75173 0.254083 0.992139
888 -0.254412 0.390409 -0.710545 0.995175
4984 -0.72861 -0.34725 0.57928 0.967827
138 -0.218296 0.242842 -0.778445 0.996045
1299 -0.727959 0.578142 -0.346895 0.9679
412 -0.906982 0.101535 -0.581241 0.95576
4234 0.387551 -0.74293 0.258124 0.989538
4645 -1.08575 -0.134972 0.461468 0.947659
4919 0.322448 0.70721 0.364065 0.992212
5121 0.0636604 -0.625499 0.540529 0.998846
2121 0.734249 0.650293 -0.163793 0.968309
210 0.483726 0.0592221 -0.759582 0.984025
347 -0.349346 -0.404427 -0.686583 0.991541
1234 1.03578 -0.284457 -0.43007 0.950097
3145 0.487208 0.742622 0.148474 0.98399
1782 -1.13308 0.349728 -0.279127 0.947526
2056 -1.49419 -0.096861 -0.0966429 0.978316
4241 -1.2576 0.349474 -0.0042901 0.950001
5128 0.224293 -0.620843 0.526311 0.995795
4789 0.0688626 0.720072 0.400142 0.998854
4926 -0.358291 0.594564 0.517946 0.990454
80 0.283837 0.182819 -0.784209 0.994128
5820 0.382912 -0.0446838 0.78277 0.990216
2272 -0.538557 -0.744284 -0.0778762 0.980883
772 0.52943 -0.454226 -0.596178 0.981531
4868 0.718781 0.476372 0.477185 0.968305
3231 -0.212665 0.80559 0.0950283 0.996371
4529 0.942809 -0.34977 0.448051 0.953256
5690 0.487691 0.148863 0.743321 0.983963
707 -0.243136 0.539785 -0.602873 0.995234
5827 0.291268 0.0448971 0.799211 0.993919
3029 0.382736 0.781626 -0.044797 0.990218
2279 -0.635685 -0.70275 -0.138558 0.974351
3440 -1.56534 -0.0498162 0.0250663 0.991531
1940 0.55258 -0.718345 -0.197023 0.980186
5423 0.0525827 -0.484164 0.671144 0.99919
4536 1.06311 -0.33759 0.361337 0.948087
3649 1.29346 -0.222591 0.22916 0.952289
1738 -1.30665 0.192809 -0.247751 0.953591
3173 -0.608654 -0.691542 0.217752 0.976848
447 -0.780268 -0.0820045 -0.650762 0.963858
584 -0.612613 -0.582376 -0.428003 0.976451
4680 1.00659 0.371112 0.371458 0.950616
995 1.07795 0.0377801 -0.484083 0.948035
4204 0.816426 -0.636211 0.0335626 0.96196
5639 -0.330788 0.35119 0.712627 0.991755
656 0.0364273 -0.735226 -0.38629 0.999033
793 0.598648 -0.352396 -0.635933 0.977208
1680 -1.34789 -0.128106 -0.247272 0.955182
5163 0.416363 -0.498864 0.597001 0.987888
180 -0.0207563 0.475266 -0.675199 0.998719
317 0.64095 0.357127 -0.615053 0.973693
4687 1.15152 0.304716 0.303636 0.948001
4824 -1.11436 -0.0177189 0.456963 0.946309
4211 0.91634 -0.55243 0.190631 0.954482
663 0.279541 -0.68454 -0.431309 0.994107
2985 1.0887 -0.478683 0.0349887 0.948488
50 -0.137319 0.185928 -0.802247 0.998016
324 0.804067 0.456871 -0.447532 0.96194
3533 0.042772 -0.824132 0.0877163 0.99914
5444 -0.391494 -0.43879 0.651687 0.989526
2033 0.0297096 -0.797481 -0.229543 0.999185
3057 1.44358 0.175544 0.0356728 0.970351
259 0.350684 0.433903 -0.663198 0.990776
4218 0.638906 -0.671344 0.240177 0.974
533 -0.35415 -0.561287 -0.56047 0.990825
4766 1.19903 0.0295662 0.394379 0.947956
4903 1.15774 -0.152709 0.399574 0.947709
2105 1.0197 0.492091 -0.165392 0.950634
1218 -0.391952 0.650042 -0.438506 0.989521
2040 -0.168442 -0.814478 -0.113894 0.997562
3201 -1.03496 -0.514825 0.0386527 0.948647
5523 0.734094 -0.163492 0.651879 0.968294
3612 -1.30651 -0.249234 0.193171 0.953539
4636 -1.178 -0.182969 0.373373 0.947109
64 0.330821 0.0638517 -0.794278 0.991994
2112 0.777998 0.595585 -0.263568 0.964749
338 0.674646 0.534569 -0.44452 0.971286
1773 -1.29264 0.301041 -0.118858 0.95184
2184 -1.26473 -0.340277 -0.079469 0.949152
3208 1.56195 -0.0371931 0.0431278 0.990427
5256 0.787856 0.26764 0.586718 0.962887
2732 1.42329 -0.0753716 -0.192472 0.96577
1845 -0.631283 0.653173 -0.287153 0.975052
4917 0.172779 0.62124 0.528309 0.997206
5804 -0.0655164 0.268741 0.778292 0.998728
3691 0.0412972 0.816331 0.104594 0.999001
2804 -0.180456 0.805647 -0.123991 0.997155
1167 -0.105494 -0.646477 -0.516639 0.998378
2191 -1.1162 -0.39072 -0.249333 0.947498
4239 -1.11401 0.456257 -0.016371 0.946418
2739 1.44156 -0.178295 -0.0752781 0.969008
3424 0.822708 0.618561 0.111608 0.960505
13 -0.299198 -0.0726654 -0.800902 0.993382
2198 -1.03743 -0.509039 -0.0830109 0.948741
3222 1.40197 -0.127377 0.183181 0.96355
1448 1.05306 0.364081 -0.342161 0.948314
4657 0.701996 0.585283 0.349769 0.969503
698 -0.481489 0.418712 -0.635242 0.984475
5270 0.547975 0.223667 0.70538 0.979738
85 0.386741 0.256217 -0.742337 0.989566
5342 -0.72177 0.135621 0.663485 0.970527
5753 -0.334177 0.0215716 0.793223 0.992063
2955 -0.853996 0.615892 -0.017815 0.95983
4253 -1.19275 0.345967 0.201653 0.945431
431 -0.874008 0.216747 -0.568815 0.958777
1729 0.325515 -0.781484 -0.173666 0.992103
5075 -0.97781 0.157888 0.523715 0.952866
229 0.90837 0.190716 -0.555498 0.95473
2277 -0.575634 -0.692411 -0.255071 0.978738
3575 -0.218481 -0.77921 0.244956 0.996042
5760 -0.21281 0.0948462 0.806531 0.996355
164 -0.342994 -0.242999 -0.759388 0.991866
5421 -0.0170642 -0.55008 0.619652 0.999292
438 -0.575813 -0.25587 -0.691431 0.978712
4808 -0.0206823 -0.675778 0.477076 0.998719
1397 1.1165 -0.324081 -0.328177 0.946989
784 0.528453 -0.595431 -0.455804 0.981508
1945 0.696987 -0.676446 -0.145298 0.97066
3243 -0.203848 0.78347 0.212789 0.996388
4267 -1.41529 0.0684173 0.195915 0.963587
3517 -0.185177 -0.814282 0.0919351 0.997147
4815 0.113606 -0.751409 0.33915 0.998048
2904 0.275101 0.698169 -0.397796 0.99399
993 1.05151 0.130776 -0.485585 0.948572
5363 -0.572419 -0.11436 0.725215 0.978993
1404 1.31291 -0.273376 -0.147241 0.953381
4887 1.17655 0.210164 0.35112 0.947141
178 -0.395009 -0.133847 -0.774671 0.989212
5572 -0.0755556 0.543581 0.618511 0.998731
4209 0.789858 -0.630571 0.154145 0.963427
798 0.767357 -0.301388 -0.586807 0.96621
4894 0.920174 -0.263043 0.517511 0.955416
48 -0.184327 0.089123 -0.813561 0.997178
5305 0.289159 0.470606 0.647194 0.993499
322 0.787752 0.371302 -0.530564 0.963099
5716 0.213293 0.329996 0.742543 0.995886
2781 0.0762243 0.818712 -0.0701183 0.998811
120 -0.453419 0.261693 -0.725038 0.986309
1418 -0.467866 0.685698 -0.338074 0.985589
1692 -0.426306 -0.71862 -0.304243 0.987949
5788 0.0214398 -0.240783 0.789475 0.998982
5175 0.559908 0.379012 0.629085 0.979079
603 -0.851785 -0.262768 -0.560849 0.959958
2788 0.129917 0.804463 -0.154553 0.99801
5723 -0.0566252 0.369129 0.736903 0.998868
1151 -1.0385 -0.0843591 -0.507316 0.948688
264 0.127824 -0.45163 -0.691398 0.998042
1288 -0.896122 0.51641 -0.292239 0.956558
538 -0.181247 -0.579513 -0.579316 0.996882
1086 0.556199 -0.196816 -0.716572 0.979941
4569 -0.595445 0.660139 0.297265 0.978627
4843 -1.19254 0.201328 0.346757 0.945492
884 -0.167951 0.333313 -0.750357 0.997395
2045 -0.300871 -0.801804 -0.0698751 0.993302
4230 0.283921 -0.785063 0.184762 0.994132
1230 1.0722 -0.174341 -0.459669 0.948099
3415 0.789107 0.586105 0.266188 0.962837
3689 -0.0654834 0.777504 0.268916 0.998735
5737 -0.461261 0.176435 0.743896 0.98585
4 -0.166712 -0.116553 -0.813389 0.997608
2052 -1.56276 -0.0416143 -0.04171 0.99074
3213 1.49448 -0.106302 0.0795991 0.977605
1987 1.07548 -0.456431 -0.1779 0.948991
1511 0.530653 0.667548 -0.332416 0.981589
3696 0.0605371 0.796639 0.204411 0.998868
5131 0.272189 -0.543085 0.596217 0.994174
148 0.111951 -0.30468 -0.768007 0.998293
4244 -1.29425 0.309886 0.0738859 0.951422
422 -0.978634 0.265461 -0.479374 0.952792
5268 0.726932 0.201456 0.642132 0.967553
2744 1.56828 -0.026652 -0.0436094 0.992085
5405 -0.432647 -0.159713 0.758338 0.987457
220 0.813762 0.0331028 -0.636453 0.961823
3566 -0.413153 -0.775592 0.0971001 0.988241
3703 0.213625 0.777251 0.234677 0.996045
2816 -0.0728481 0.820566 -0.0551206 0.999048
5001 -0.483981 -0.493748 0.579012 0.984193
1316 0.878163 -0.496119 -0.348534 0.958879
429 -0.712624 0.269248 -0.627429 0.969901
703 -0.406234 0.515411 -0.583742 0.988281
4936 -0.649097 -0.597361 0.378724 0.974224
5347 -0.589192 -0.00514185 0.728264 0.977962
1525 -0.893932 -0.58091 -0.14209 0.956578
775 0.805517 -0.455509 -0.453209 0.963577
1936 0.464814 -0.757805 -0.135734 0.985316
2960 -0.724369 0.674509 0.0423003 0.969341
4871 0.781586 0.399015 0.509925 0.963414
5693 0.235519 -0.323324 0.742625 0.995322
984 0.963743 -0.0228183 -0.558639 0.952442
3032 0.150522 0.81645 0.0280829 0.99806
3169 -0.657678 -0.698815 0.10487 0.973127
4604 -0.38824 -0.700833 0.359579 0.989663
2967 -0.589062 0.727275 -0.0044466 0.978011
5426 0.181203 -0.481824 0.661927 0.997123
580 -0.61289 -0.428564 -0.581558 0.976418
4676 0.926427 0.455006 0.347414 0.954578
1676 -1.30035 -0.228319 -0.226758 0.951495
4885 0.989566 0.107713 0.527094 0.95097
4272 -0.997002 0.532355 0.0409898 0.951138
4683 0.925067 0.347796 0.456038 0.954641
998 1.21316 -0.0036343 -0.388722 0.948347
248 0.224058 0.524614 -0.620274 0.995799
1409 1.2543 -0.251184 -0.253278 0.949728
3457 -1.44725 -0.181746 0.0334881 0.969559
5779 -0.1799 -0.124201 0.806896 0.997159
4279 -0.828478 0.596109 0.194116 0.963074
3392 0.991009 0.52578 0.105587 0.950958
5303 0.172708 0.528407 0.621345 0.997209
392 0.135763 -0.583187 -0.584209 0.998037
5786 -0.0722653 -0.05521 0.821732 0.999052
4899 1.01929 -0.164499 0.494141 0.950467
940 -0.0179864 0.618031 -0.549578 0.999289
5173 0.701401 0.350566 0.585656 0.969406
190 0.114397 0.337374 -0.750646 0.998049
1214 -0.232531 0.666593 -0.463897 0.995792
4286 -1.05747 0.431755 0.243815 0.94719
3673 -0.460381 0.743221 0.176945 0.985926
738 -0.656645 0.537968 -0.452729 0.973121
4834 -1.29663 0.0738368 0.308094 0.951696
2036 -0.080389 -0.82614 -0.052823 0.999008
5447 -0.157847 -0.396121 0.719509 0.997808
5721 0.0688356 0.400086 0.720619 0.998855
3608 -1.19782 -0.313335 0.252041 0.947772
4632 -1.29687 -0.119338 0.298639 0.952055
4906 0.381535 0.593241 0.509611 0.98957
947 0.0516759 0.669635 -0.483685 0.999193
60 -0.308618 0.0365616 -0.801143 0.99301
1084 0.46872 -0.136129 -0.755887 0.985067
334 0.515875 0.43831 -0.611214 0.982183
3067 1.37108 0.213793 0.127278 0.959019
1156 -0.1223 -0.735938 -0.376964 0.998283
406 0.363134 -0.488392 -0.624954 0.990625
5526 0.824081 -0.0715472 0.626098 0.961226
1091 0.501364 -0.294243 -0.700243 0.983378
204 0.699753 -0.0286508 -0.68727 0.970106
341 0.533257 0.530184 -0.523714 0.980935
1502 0.668486 0.604663 -0.34824 0.972095
4574 -0.330408 0.711857 0.351774 0.99179
1163 -0.192892 -0.695293 -0.435674 0.996795
276 0.0550688 -0.523212 -0.643882 0.99892
3485 -1.48661 0.138616 0.00418772 0.975981
3622 -1.36275 -0.151455 0.215926 0.9582
5533 0.669083 -0.34905 0.605682 0.972036
5807 0.0414763 0.10477 0.81725 0.998996
1509 0.419175 0.663117 -0.402917 0.987762
4718 -0.78792 0.529955 0.369696 0.96482
5742 -0.461266 0.0620213 0.762403 0.985823
896 -0.183614 0.475938 -0.664848 0.99697
4992 -0.40587 -0.584269 0.517123 0.988286
2194 -1.14439 -0.419657 -0.139252 0.946331
5540 0.531667 -0.333451 0.668422 0.981557
1718 0.108208 -0.768769 -0.304703 0.998353
4790 -0.0566636 0.736224 0.369376 0.998872
5064 -0.947535 0.354961 0.439961 0.953676
81 0.122055 0.227932 -0.789686 0.997856
218 0.521638 0.193278 -0.725672 0.982079
3427 0.547727 0.704971 0.222862 0.979778
3564 -0.368669 -0.764296 0.206481 0.990495
1790 -1.08528 0.460896 -0.13381 0.94772
2064 -1.44614 -0.175554 -0.0674178 0.968917
3225 -0.334349 0.792153 0.0220638 0.992072
1314 0.808783 -0.61256 -0.191572 0.963368
4660 0.560043 0.628793 0.378497 0.979199
4934 -0.211984 0.64472 0.493366 0.996004
5071 -0.749559 0.291489 0.597002 0.968341
160 -0.425746 -0.304863 -0.717975 0.987963
4256 -1.41302 0.19872 0.0671545 0.963238
4667 0.467449 0.693058 0.317622 0.984769
1732 -1.19687 0.251987 -0.312594 0.947801
5691 0.532295 -0.0426392 0.744377 0.981956
95 0.248755 -0.00294743 -0.811069 0.995131
5763 -0.0933302 0.0513206 0.820351 0.998851
30 0.246653 -0.114491 -0.804359 0.995155
3513 -0.0883836 -0.825857 0.044112 0.998948
4537 1.04941 -0.413 0.288956 0.948026
5698 0.0704158 -0.326736 0.756846 0.998639
2900 0.234007 0.741598 -0.322584 0.995368
3037 0.290938 0.798235 0.0446658 0.993924
4948 -0.915047 -0.446233 0.376512 0.956571
239 0.636321 0.238648 -0.67138 0.974125
5359 -0.685658 -0.174572 0.671226 0.971033
4609 -0.183233 -0.665473 0.47766 0.99697
5633 -0.493891 0.450545 0.606817 0.983619
5157 0.517453 -0.611525 0.439724 0.982085
4270 -1.25131 0.251285 0.250948 0.948135
5294 0.381409 0.50971 0.593389 0.989572
5431 -0.0173096 -0.404338 0.722687 0.99933
5705 0.352365 -0.228556 0.756405 0.991209
2020 0.104781 -0.814559 -0.142173 0.998554
3181 -0.793872 -0.64818 0.0431238 0.963187
2568 1.12292 0.19756 -0.40585 0.946238
3592 -0.905753 -0.582778 0.103275 0.955793
44 -0.0872008 0.0411299 -0.825002 0.998964
4277 -0.976399 0.523528 0.158756 0.953039
5438 -0.160666 -0.538329 0.620024 0.997439
5575 -0.200534 0.410438 0.703053 0.996159
592 -0.709436 -0.485372 -0.484489 0.96958
2914 0.351131 0.755427 -0.227948 0.991251
1140 -1.26464 -0.080994 -0.339245 0.948928
3188 -1.14327 -0.429879 0.0982136 0.946762
2575 1.30832 0.0595484 -0.302916 0.952666
3599 -0.97825 -0.480406 0.2668 0.952767
736 -0.649387 0.376743 -0.596812 0.974215
1147 -1.14518 -0.140622 -0.417936 0.946242
260 0.0402886 -0.386067 -0.734694 0.999006
2582 1.27864 0.234336 -0.232881 0.951642
3606 -0.712075 -0.628226 0.271335 0.969928
4767 1.26184 0.128832 0.316387 0.948933
945 0.180489 0.660549 -0.481206 0.997134
2106 1.15958 0.395822 -0.154512 0.948235
1219 -0.159005 0.717813 -0.395972 0.997787
5178 0.50717 0.46412 0.589545 0.982616
3678 -0.460852 0.761524 0.0626861 0.985876
743 -0.746721 0.434066 -0.504623 0.966937
4702 0.807974 -0.44687 0.457044 0.961637
4976 -0.89687 -0.292907 0.517229 0.956471
267 0.284152 -0.42949 -0.684467 0.993911
2589 1.41706 0.0250298 -0.211164 0.965352
1839 -0.831416 0.614838 -0.124884 0.960582
1976 0.964329 -0.544231 -0.131738 0.953902
1226 0.963606 -0.130991 -0.543999 0.953163
2798 0.296013 0.785592 -0.145815 0.993554
